(2, 8) 0
Episode Complete!
True positive 482
True Negative 136
False Positive 8
False Negative 0
Time [0.056081 0.055978 0.056151 0.055982 0.770222 0.056467 0.055235 0.055601
 0.056005 0.770178 0.055812 0.054996 0.056183 0.055875 0.767041 0.056516
 0.055196 0.059895 0.055921 0.773373 0.056505 0.056673 0.05663  0.056386
 0.770852 0.056072 0.055954 0.057472 0.056429 0.771588 0.056223 0.056099
 0.056022 0.05551  0.766804 0.055869 0.05577  0.056142 0.055613 0.770033
 0.056252 0.05563  0.055581 0.056012 0.771305 0.056872 0.055915 0.056746
 0.055889 0.771977 0.05642  0.055998 0.055156 0.056476 0.77045  0.056445
 0.055881 0.055636 0.055927 0.769958 0.056036 0.056006 0.056397 0.056301
 0.76778  0.05596  0.056225 0.05647  0.055413 0.768645 0.056817 0.076946
 0.056307 0.056055 0.77192  0.056289 0.056244 0.055908 0.056539 0.769367
 0.056842 0.055725 0.056229 0.05586  0.772675 0.056214 0.055541 0.05591
 0.055556 0.772767 0.055912 0.056171 0.055845 0.055869 0.768955 0.056261
 0.056731 0.056692 0.055997 0.76984  0.055825 0.055489 0.05565  0.055373
 0.770821 0.05649  0.055475 0.057423 0.055392 0.768107 0.056302 0.056288
 0.055853 0.056389 0.768893 0.05596  0.055766 0.056237 0.056066 0.767223
 0.05554  0.056379 0.055883 0.056377 0.769221 0.055962 0.056183 0.05613
 0.056006 0.771545 0.055821 0.055566 0.055933 0.055938 0.770078 0.056487
 0.055507 0.056423 0.056162 0.76901  0.056529 0.055713 0.05636  0.056121
 0.768029 0.055949 0.055591 0.055567 0.056017 0.762466 0.055841 0.055897
 0.055092 0.055525 0.769176 0.055716 0.055692 0.056062 0.055923 0.763714
 0.05577  0.056095 0.055915 0.055623 0.764312 0.056021 0.056859 0.055751
 0.056505 0.765099 0.05677  0.056095 0.056086 0.056317 0.764814 0.055765
 0.055512 0.056806 0.056172 0.767142 0.055378 0.055118 0.055679 0.055423
 0.765902 0.056439 0.055139 0.055551 0.055742 0.768374 0.05537  0.055718
 0.055232 0.055198 0.761234 0.056033 0.056185 0.055796 0.055851 0.769382
 0.055619 0.055395 0.055309 0.055863 0.766854 0.055607 0.056003 0.056274
 0.056243 0.767288 0.056287 0.05609  0.055273 0.055482 0.762462 0.055184
 0.056025 0.055713 0.055692 0.762161 0.055282 0.056614 0.055578 0.055077
 0.762505 0.055377 0.055244 0.055324 0.055459 0.7623   0.055358 0.055847
 0.055188 0.055202 0.762428 0.055677 0.055206 0.055463 0.055075 0.765058
 0.05505  0.054912 0.055809 0.05559  0.767741 0.055154 0.055701 0.055699
 0.055282 0.766309 0.056612 0.055318 0.055332 0.055306 0.766629 0.055021
 0.055677 0.055318 0.055365 0.76398  0.056108 0.055009 0.055343 0.056101
 0.759873 0.057208 0.055604 0.055511 0.056372 0.764013 0.055661 0.055226
 0.055487 0.057616 0.764362 0.055378 0.055046 0.055668 0.055497 0.764982
 0.054921 0.05557  0.055179 0.057698 0.763094 0.055579 0.05562  0.055857
 0.055327 0.763625 0.055986 0.055856 0.055564 0.055645 0.772437 0.055419
 0.055672 0.055749 0.055947 0.770406 0.056548 0.056295 0.055148 0.055318
 0.772155 0.055441 0.055462 0.055364 0.055856 0.765396 0.056013 0.055565
 0.05644  0.055652 0.760089 0.055596 0.057392 0.055698 0.055172 0.761831
 0.056794 0.056149 0.05658  0.055953 0.770555 0.056175 0.055844 0.055653
 0.055387 0.772773 0.056593 0.05578  0.055494 0.055462 0.766205 0.05605
 0.056006 0.055609 0.055266 0.761005 0.056261 0.055992 0.055454 0.055266
 0.76284  0.055762 0.055337 0.056578 0.055484 0.766801 0.055728 0.055841
 0.055386 0.055996 0.767671 0.056417 0.055538 0.055848 0.055949 0.764204
 0.055762 0.055913 0.056192 0.056411 0.764338 0.055968 0.055811 0.056519
 0.056073 0.762905 0.055238 0.055601 0.055478 0.055816 0.769493 0.056134
 0.055807 0.056032 0.055615 0.767611 0.056544 0.055781 0.055759 0.055746
 0.767653 0.056066 0.056017 0.055993 0.055755 0.767835 0.055591 0.056159
 0.055816 0.056027 0.769254 0.056153 0.055436 0.055346 0.055212 0.768989
 0.055892 0.055274 0.055714 0.055778 0.763853 0.055733 0.056137 0.056043
 0.055249 0.767632 0.05679  0.055388 0.056096 0.05626  0.768087 0.055799
 0.055727 0.055788 0.057058 0.767433 0.056088 0.055854 0.055898 0.055529
 0.769966 0.056047 0.055619 0.055847 0.055287 0.767304 0.056031 0.055689
 0.055775 0.055843 0.77034  0.055504 0.056272 0.055757 0.055911 0.770222
 0.056042 0.0556   0.055966 0.055968 0.768551 0.056112 0.055696 0.055689
 0.05611  0.769216 0.056244 0.055548 0.05555  0.055751 0.767152 0.055944
 0.055202 0.05612  0.056084 0.760551 0.055263 0.056537 0.055859 0.056041
 0.766515 0.056272 0.055859 0.055797 0.055213 0.766175 0.055304 0.055265
 0.055521 0.055464 0.763699 0.055766 0.05584  0.055437 0.055401 0.766329
 0.056045 0.055453 0.055231 0.055823 0.765043 0.055528 0.0556   0.055706
 0.055915 0.768536 0.056488 0.055774 0.055765 0.055723 0.765471 0.055626
 0.055144 0.055963 0.056148 0.761953 0.055423 0.056943 0.055478 0.055589
 0.765673 0.057412 0.056004 0.055833 0.055766 0.766779 0.055727 0.056062
 0.056191 0.055902 0.768122 0.056101 0.05619  0.055175 0.055413 0.770199
 0.055667 0.056098 0.055816 0.055352 0.768201 0.055718 0.055663 0.055627
 0.055694 0.769898 0.055624 0.056829 0.055716 0.055727 0.763515 0.055843
 0.054908 0.055233 0.055175 0.759753 0.055482 0.055734 0.056004 0.055675
 0.760491 0.056673 0.055723 0.055975 0.055582 0.764386 0.05625  0.056305
 0.056228 0.056904 0.766719 0.056225 0.057874 0.055079 0.0557   0.768623
 0.055351 0.054853 0.05634  0.055674 0.762914 0.055894 0.055675 0.05536
 0.055079 0.76552  0.056074 0.055948 0.055375 0.055256 0.769324 0.056284
 0.055883 0.055805 0.055835 0.766597 0.055528 0.055381 0.055133 0.055796
 0.760906 0.055834 0.055693 0.055611 0.055294 0.760756 0.055444 0.055241
 0.055654 0.055458 0.762971 0.055507 0.056709 0.055448 0.055376 0.762496
 0.057566 0.055716 0.055639 0.05728  0.766072 0.055686 0.055411 0.056044
 0.055662 0.768314 0.055985 0.056031 0.055601 0.055145 0.766379 0.055715
 0.056188 0.055894 0.056016 0.767499 0.056224 0.056086 0.055233 0.055589
 0.766673]
Avg 0.19808191039999998
std 0.2843692423183829
(3, 7) 0
Episode Complete!
True positive 490
True Negative 211
False Positive 14
False Negative 0
Time [0.056159 0.055222 0.055516 0.055761 0.791061 0.055938 0.055144 0.057729
 0.05594  0.76502  0.055627 0.055947 0.055653 0.055302 0.761885 0.055723
 0.055861 0.055554 0.055869 0.761461 0.055729 0.056017 0.056929 0.055305
 0.762361 0.055627 0.055546 0.055173 0.055417 0.766351 0.055735 0.055988
 0.055896 0.073879 0.768748 0.055455 0.056454 0.055907 0.056118 0.769244
 0.056197 0.055504 0.055769 0.055712 0.771632 0.055542 0.055882 0.055941
 0.055344 0.767464 0.055634 0.055904 0.056273 0.055545 0.767221 0.060846
 0.055554 0.055715 0.055872 0.768947 0.055889 0.055599 0.055883 0.056456
 0.764412 0.056559 0.055606 0.055639 0.054998 0.766985 0.055752 0.055538
 0.056878 0.055761 0.766569 0.055254 0.055428 0.055924 0.055358 0.767608
 0.055697 0.055773 0.055981 0.055369 0.770287 0.055848 0.055946 0.055835
 0.055    0.766992 0.056053 0.055885 0.055258 0.055755 0.770548 0.055926
 0.055776 0.055883 0.055037 0.764587 0.055464 0.056017 0.055113 0.055394
 0.76083  0.055649 0.056476 0.056376 0.055288 0.761736 0.071178 0.056506
 0.055709 0.056412 0.767052 0.056692 0.056134 0.056175 0.05587  0.765022
 0.055854 0.05556  0.055657 0.055912 0.772655 0.055823 0.055889 0.055981
 0.055675 0.76966  0.055926 0.055642 0.055422 0.056007 0.769574 0.055472
 0.055444 0.056053 0.055285 0.766643 0.055575 0.056486 0.055393 0.055661
 0.76994  0.055698 0.056351 0.055533 0.055814 0.771249 0.055575 0.056331
 0.055615 0.055784 0.761286 0.05558  0.056758 0.056146 0.054939 0.761423
 0.055257 0.055729 0.056292 0.055407 0.764293 0.055934 0.056357 0.055852
 0.055302 0.770656 0.056274 0.05594  0.055113 0.055691 0.769052 0.056557
 0.056134 0.056187 0.05574  0.769045 0.055646 0.055642 0.056274 0.055217
 0.768993 0.055986 0.055812 0.055931 0.055899 0.766329 0.056059 0.055418
 0.055973 0.074783 0.768305 0.058391 0.055929 0.056673 0.056991 0.770174
 0.056726 0.056455 0.056638 0.056313 0.768695 0.055931 0.055984 0.056434
 0.05547  0.766141 0.05568  0.055459 0.055554 0.055958 0.767178 0.055918
 0.055625 0.05686  0.055297 0.770615 0.055582 0.055581 0.055868 0.055929
 0.767711 0.055716 0.055918 0.055637 0.056006 0.771002 0.056464 0.055564
 0.055854 0.055686 0.768472 0.055945 0.056165 0.055779 0.055831 0.76904
 0.055689 0.05545  0.05616  0.056011 0.76841  0.056406 0.057967 0.057947
 0.05716  0.771454 0.056508 0.057021 0.056971 0.056678 0.768454 0.056849
 0.05641  0.056348 0.056937 0.77466  0.0568   0.05668  0.055957 0.057044
 0.768053 0.055685 0.055174 0.057288 0.055983 0.766988 0.056179 0.05553
 0.05542  0.055825 0.769748 0.055351 0.055786 0.055882 0.056554 0.772485
 0.05612  0.055529 0.055807 0.056071 0.766872 0.055918 0.055775 0.055841
 0.055637 0.76442  0.055309 0.055859 0.05579  0.0558   0.76269  0.055795
 0.055648 0.055439 0.055354 0.770351 0.056623 0.055814 0.055798 0.056484
 0.768379 0.05523  0.055839 0.056081 0.056666 0.768414 0.05575  0.056371
 0.055372 0.055786 0.769611 0.055817 0.055757 0.056198 0.055282 0.768274
 0.056099 0.055945 0.055271 0.055603 0.769923 0.055822 0.055675 0.055355
 0.055838 0.769755 0.055833 0.05545  0.055933 0.055825 0.77011  0.055841
 0.055531 0.056094 0.055459 0.771923 0.055653 0.055731 0.056037 0.055277
 0.76953  0.055918 0.055414 0.055861 0.05604  0.764242 0.056363 0.056258
 0.055827 0.055399 0.760433 0.05581  0.05532  0.055033 0.055365 0.767844
 0.056676 0.055488 0.055944 0.055711 0.765419 0.056126 0.055318 0.05567
 0.057582 0.76941  0.055803 0.056391 0.055463 0.056244 0.768043 0.055601
 0.055595 0.055677 0.055724 0.768849 0.055788 0.055619 0.055906 0.056392
 0.769332 0.05621  0.055643 0.055677 0.056449 0.766145 0.05562  0.055504
 0.055996 0.056258 0.763433 0.055911 0.055825 0.056386 0.055783 0.760566
 0.055704 0.055903 0.055569 0.055575 0.762922 0.055741 0.05602  0.055747
 0.055296 0.76269  0.055249 0.055893 0.055979 0.055295 0.768037 0.055657
 0.055826 0.055754 0.055967 0.770017 0.056001 0.055698 0.055772 0.055575
 0.770465 0.056483 0.055687 0.055835 0.055433 0.769095 0.055695 0.055875
 0.055791 0.055403 1.037672 0.080028 0.080335 0.080199 0.081883 0.896436
 0.057716 0.056148 0.058031 0.056363 0.815646 0.057078 0.056302 0.055922
 0.057177 0.78714  0.055717 0.056175 0.055533 0.055282 0.765611 0.055483
 0.05628  0.056179 0.055912 0.763121 0.055929 0.056424 0.05516  0.055971
 0.766761 0.055732 0.05546  0.05563  0.055832 0.769715 0.055781 0.05714
 0.05592  0.05582  0.767465 0.056226 0.055466 0.056744 0.05519  0.767039
 0.05565  0.055942 0.056262 0.055808 0.766122 0.056169 0.05787  0.055917
 0.055929 0.766591 0.055833 0.055221 0.055969 0.055599 0.767048 0.05585
 0.055611 0.055326 0.05575  0.770203 0.055674 0.055884 0.055734 0.055399
 0.765654 0.055283 0.056142 0.055763 0.055362 0.76132  0.056206 0.055431
 0.056448 0.055636 0.768427 0.056734 0.055464 0.055608 0.055729 0.766682
 0.056166 0.055694 0.055999 0.056235 0.768804 0.056139 0.056264 0.055921
 0.056607 0.765378 0.056468 0.055566 0.056193 0.055963 0.764034 0.056533
 0.055813 0.055619 0.057825 0.76592  0.055496 0.055456 0.055769 0.056173
 0.770138 0.056036 0.056253 0.056138 0.058121 0.772823 0.057307 0.055796
 0.057059 0.055709 0.771239 0.056787 0.055616 0.056197 0.056411 0.771541
 0.055705 0.060327 0.055984 0.056542 0.767057 0.056452 0.0557   0.055761
 0.055507 0.772098 0.055893 0.055798 0.055994 0.056199 0.767293 0.055755
 0.055727 0.055547 0.055978 0.770189 0.056367 0.055551 0.055907 0.056835
 0.769556 0.056566 0.056379 0.056229 0.055986 0.772866 0.055879 0.055621
 0.055892 0.055949 0.765954 0.056084 0.05757  0.055675 0.055635 0.768822
 0.055841 0.055673 0.055841 0.055982 0.769892 0.05607  0.0561   0.056152
 0.055716 0.775278 0.055624 0.055714 0.055507 0.055821 0.772329 0.056383
 0.05609  0.056016 0.055766 0.762655 0.055615 0.057005 0.055849 0.055433
 0.762755 0.055678 0.05649  0.055583 0.055405 0.768825 0.05596  0.055208
 0.056292 0.055953 0.765867 0.055655 0.055633 0.055864 0.055549 0.763389
 0.055328 0.055241 0.055582 0.055907 0.76411  0.05564  0.055947 0.057334
 0.055702 0.769047 0.055511 0.062355 0.055939 0.055466 0.768841 0.055877
 0.055869 0.056208 0.055249 0.770035 0.055828 0.05636  0.056519 0.055527
 0.791893 0.056106 0.056224 0.056038 0.055697 0.76925  0.056946 0.055737
 0.056244 0.056039 0.771919 0.05592  0.05617  0.055792 0.056069 0.791472
 0.056706 0.055654 0.056199 0.056092 0.768196 0.056198 0.056386 0.055739
 0.055862 0.773905 0.055925 0.055959 0.055223 0.055964 0.767954 0.055979
 0.057256 0.055886 0.055534 0.771681 0.056201 0.055396 0.055635 0.056809
 0.7704   0.055939 0.055465 0.055835 0.056059 0.767907 0.055849 0.056454
 0.0556   0.055921]
Avg 0.19848280812324925
std 0.2857648851242166
(5, 5) 0
Episode Complete!
True positive 462
True Negative 526
False Positive 13
False Negative 0
Time [0.055836 0.05616  0.055666 0.056083 0.775127 0.055931 0.056679 0.055413
 0.055308 0.768351 0.056667 0.056022 0.05592  0.055749 0.768785 0.056484
 0.055811 0.055898 0.056102 0.768606 0.0557   0.05543  0.056216 0.056131
 0.765618 0.056207 0.055754 0.056388 0.055417 0.767232 0.057018 0.057685
 0.055625 0.055978 0.769441 0.055609 0.055919 0.056161 0.055938 0.767742
 0.057187 0.056162 0.055919 0.055533 0.76768  0.056354 0.056349 0.055468
 0.056011 0.768825 0.05586  0.055589 0.055683 0.05567  0.768434 0.05617
 0.056038 0.055846 0.055965 0.772363 0.05596  0.056298 0.055625 0.055976
 0.766434 0.056399 0.05713  0.055976 0.05588  0.764818 0.056333 0.055808
 0.055657 0.055614 0.772676 0.05588  0.056021 0.055731 0.055717 0.766648
 0.055706 0.055798 0.055792 0.055504 0.763326 0.055901 0.055961 0.055697
 0.055932 0.767292 0.05581  0.055838 0.055699 0.055595 0.769073 0.056461
 0.056334 0.055951 0.055845 0.768736 0.055951 0.056132 0.056222 0.055493
 0.769066 0.055985 0.056034 0.056183 0.055425 0.763518 0.056052 0.056421
 0.055768 0.055926 0.759881 0.055536 0.056134 0.056912 0.05611  0.761013
 0.055674 0.074217 0.055684 0.055309 0.764471 0.055862 0.055473 0.055766
 0.056293 0.760544 0.055521 0.055887 0.055701 0.055683 0.764205 0.055778
 0.055388 0.055884 0.056329 0.761648 0.056006 0.055693 0.055358 0.05592
 0.770562 0.056294 0.05627  0.05608  0.056489 0.769193 0.056079 0.056241
 0.056126 0.056238 0.768181 0.055904 0.056078 0.055841 0.05556  0.76254
 0.055818 0.058145 0.056281 0.055866 0.763347 0.055889 0.056055 0.055727
 0.055987 0.767032 0.055753 0.055953 0.055756 0.05548  0.778008 0.055622
 0.055791 0.055199 0.055448 0.771225 0.055973 0.055703 0.055891 0.055162
 0.770816 0.055559 0.055621 0.056164 0.055275 0.770579 0.055844 0.056247
 0.055195 0.055467 0.763605 0.055841 0.056068 0.056363 0.056165 0.765261
 0.05669  0.055828 0.056236 0.055957 0.767983 0.056151 0.056061 0.056297
 0.055881 0.767715 0.055978 0.056667 0.056236 0.055494 0.767216 0.056029
 0.055456 0.05571  0.056832 0.766736 0.056467 0.056013 0.05559  0.055624
 0.765652 0.056351 0.056204 0.055753 0.055626 0.767733 0.055966 0.055253
 0.05679  0.056041 0.770023 0.056641 0.056987 0.056875 0.056134 0.76789
 0.056865 0.056362 0.05579  0.056127 0.763145 0.056177 0.055418 0.055414
 0.056487 0.763964 0.055899 0.055544 0.055656 0.055762 0.761465 0.055815
 0.055264 0.056321 0.055945 0.760692 0.05661  0.055142 0.055962 0.055717
 0.76138  0.055337 0.0559   0.055619 0.055724 0.765722 0.055307 0.056189
 0.056417 0.05534  0.766241 0.056027 0.055878 0.056012 0.055347 0.766436
 0.055549 0.0556   0.055604 0.055424 0.765684 0.055685 0.05601  0.055673
 0.055441 0.765744 0.055816 0.055417 0.055487 0.056029 0.764345 0.055347
 0.056114 0.05655  0.055267 0.760791 0.056215 0.055969 0.055878 0.055559
 0.763541 0.055262 0.055785 0.055835 0.055825 0.767393 0.055533 0.056221
 0.056323 0.05735  0.770522 0.05605  0.055629 0.05595  0.056397 0.765283
 0.056232 0.055603 0.055768 0.055236 0.764093 0.055722 0.054932 0.054925
 0.05528  0.764356 0.055606 0.055395 0.05562  0.05627  0.764369 0.055682
 0.056059 0.054868 0.055702 0.770709 0.055779 0.055947 0.055336 0.055691
 0.761313 0.056474 0.056464 0.055666 0.056259 0.75839  0.055742 0.057374
 0.055738 0.056496 0.762141 0.05579  0.055933 0.055935 0.056625 0.760596
 0.055882 0.055671 0.056469 0.056196 0.764058 0.056119 0.055992 0.055731
 0.055919 0.774928 0.05611  0.056027 0.056017 0.056541 0.771578 0.056189
 0.055894 0.056476 0.055491 0.770136 0.056034 0.055917 0.055837 0.055672
 0.767316 0.056082 0.055298 0.055876 0.055615 0.770103 0.056513 0.055715
 0.055241 0.056012 0.767552 0.056011 0.057167 0.055927 0.055918 0.769822
 0.055833 0.056666 0.055692 0.05578  0.764872 0.055748 0.056269 0.055936
 0.055925 0.760837 0.055256 0.055968 0.055806 0.055515 0.765042 0.055896
 0.05568  0.055167 0.0554   0.763696 0.055729 0.055285 0.055452 0.073179
 0.767671 0.055855 0.056322 0.054961 0.055437 0.767027 0.055837 0.055643
 0.0561   0.055592 0.770994 0.055881 0.056007 0.055608 0.055868 0.762833
 0.057218 0.056368 0.055879 0.056414 0.764649 0.057428 0.055861 0.056138
 0.056414 0.766917 0.056294 0.056718 0.056643 0.055755 0.768397 0.056659
 0.055648 0.056194 0.064382 0.769137 0.055798 0.055557 0.057933 0.05617
 0.767273 0.055499 0.055465 0.05583  0.055374 0.771091 0.055543 0.055723
 0.05536  0.055411 0.769067 0.056444 0.05592  0.056129 0.0558   0.771365
 0.055907 0.055826 0.056126 0.055522 0.770068 0.055688 0.055903 0.056273
 0.05583  0.768466 0.056856 0.055636 0.055808 0.055712 0.765796 0.0577
 0.056191 0.056079 0.056992 0.763066 0.056941 0.056227 0.056508 0.056599
 0.767758 0.055923 0.055368 0.055651 0.055699 0.770654 0.055925 0.05557
 0.055463 0.055891 0.769537 0.055828 0.055496 0.055601 0.055833 0.767367
 0.057006 0.055739 0.055739 0.055549 0.766467 0.056128 0.055678 0.055726
 0.056455 0.76566  0.056022 0.055425 0.05553  0.055857 0.763728 0.056029
 0.05535  0.055217 0.056148 0.760295 0.055502 0.056813 0.055974 0.055954
 0.76212  0.056717 0.05746  0.055832 0.05641  0.76162  0.05558  0.055753
 0.055574 0.055912 0.762519 0.055724 0.055726 0.056137 0.055703 0.763021
 0.055498 0.056452 0.056556 0.055626 0.76829  0.056015 0.05557  0.056304
 0.055553 0.771025 0.055828 0.055864 0.056047 0.055245 0.770037 0.055861
 0.055447 0.056039 0.055939 0.767775 0.055583 0.055782 0.05621  0.055612
 0.766347 0.056267 0.05604  0.055628 0.0558   0.765747 0.056121 0.055916
 0.055668 0.055888 0.766634 0.055627 0.05687  0.057163 0.055793 0.764626
 0.056345 0.055378 0.055746 0.056401 0.768582 0.056177 0.056108 0.055574
 0.055402 0.76631  0.056152 0.05571  0.055817 0.056118 0.768803 0.056046
 0.055794 0.056089 0.0559   0.773605 0.055847 0.055556 0.055678 0.055688
 0.769682 0.056748 0.055801 0.055993 0.055886 0.771956 0.055712 0.056329
 0.055995 0.05611  0.767421 0.056949 0.05654  0.056659 0.055822 0.7639
 0.055942 0.056298 0.055849 0.056825 0.763083 0.055646 0.056426 0.056438
 0.056118 0.766777 0.056115 0.056032 0.05594  0.055894 0.770088 0.05516
 0.056048 0.055999 0.055851 0.773577 0.055831 0.05565  0.055949 0.055401
 0.770767 0.055708 0.05587  0.056237 0.055946 0.76761  0.055439 0.056363
 0.055632 0.05556  0.770301 0.056314 0.056074 0.055523 0.055833 0.767664
 0.055876 0.055866 0.056132 0.056109 0.764194 0.055758 0.057053 0.055369
 0.055712 0.765087 0.056578 0.055616 0.055949 0.055773 0.763035 0.055887
 0.055836 0.056222 0.0582   0.774829 0.056102 0.055584 0.0556   0.055685
 0.772855 0.055305 0.055543 0.055852 0.055868 0.774006 0.055836 0.055831
 0.055625 0.055616 0.771113 0.055736 0.05595  0.055633 0.055604 0.766458
 0.055936 0.056364 0.056103 0.056155 0.763976 0.056141 0.055233 0.05542
 0.055918 0.768405 0.055752 0.055976 0.055939 0.055546 0.762741 0.055474
 0.056549 0.055832 0.05559  0.761081 0.056044 0.058652 0.05511  0.055613
 0.760319 0.055535 0.055421 0.055902 0.057069 0.764248 0.055965 0.056143
 0.055409 0.055481 0.766847 0.055994 0.055408 0.073359 0.055839 0.769669
 0.056133 0.055851 0.056195 0.056043 0.766427 0.055451 0.055657 0.055477
 0.055793 0.765749 0.05584  0.055719 0.056175 0.056054 0.766232 0.055372
 0.055995 0.055924 0.055852 0.766811 0.05614  0.056338 0.055616 0.055453
 0.772506 0.055573 0.055261 0.056527 0.055681 0.766943 0.055652 0.056948
 0.056146 0.056682 0.771029 0.055571 0.055899 0.055484 0.05602  0.764739
 0.055007 0.056255 0.05543  0.055611 0.769252 0.056287 0.055642 0.055794
 0.055809 0.769499 0.055602 0.055801 0.056001 0.055874 0.769952 0.055526
 0.05514  0.055766 0.055571 0.772446 0.056209 0.055481 0.055498 0.055532
 0.767909 0.055408 0.056075 0.055851 0.055527 0.7649   0.055429 0.055839
 0.056122 0.055997 0.770176 0.055598 0.05516  0.056327 0.05634  0.764988
 0.056186 0.05576  0.056845 0.055014 0.762492 0.056028 0.055749 0.055616
 0.056133 0.771679 0.055906 0.055743 0.055731 0.055977 0.770912 0.05579
 0.056004 0.056024 0.056101 0.768422 0.055793 0.056003 0.055914 0.055492
 0.771993 0.056065 0.057145 0.056457 0.055666 0.773878 0.05605  0.055535
 0.056217 0.05569  0.770608 0.056202 0.055719 0.056456 0.056501 0.773079
 0.055583 0.055844 0.056032 0.055797 0.774651 0.05568  0.056423 0.056515
 0.05607  0.769346 0.055251 0.05589  0.057892 0.055557 0.769981 0.055696
 0.055794 0.056223 0.059045 0.778833 0.055757 0.055484 0.057724 0.056439
 0.773985 0.056307 0.055741 0.055792 0.055887 0.778672 0.056273 0.055136
 0.055971 0.055673 0.779132 0.055662 0.055661 0.05586  0.055995 0.777856
 0.056044 0.056501 0.055951 0.055891 0.776011 0.056089 0.056044 0.055626
 0.056204 0.776531 0.055596 0.056632 0.056006 0.055761 0.776555 0.05564
 0.056453 0.057051 0.056059 0.770217 0.057329 0.055978 0.055276 0.055936
 0.770451 0.056519 0.055907 0.056093 0.057003 0.77239  0.055737 0.055565
 0.055814 0.055322 0.779188 0.05602  0.055786 0.055009 0.056377 0.78
 0.056241 0.055586 0.056142 0.055802 0.778759 0.055426 0.055426 0.056191
 0.05599  0.77453  0.055953 0.055383 0.055514 0.055846 0.771095 0.055959
 0.056394 0.056323 0.056349 0.779781 0.056078 0.055933 0.056378 0.056207
 0.778963 0.055951 0.055636 0.055876 0.056007 0.775849 0.056385 0.055776
 0.055634 0.056211 0.776721 0.055995 0.055736 0.05538  0.055387 0.793603]
Avg 0.19845399400000002
std 0.28488550727632445
(2, 8) 1
Episode Complete!
True positive 459
True Negative 139
False Positive 28
False Negative 0
Time [0.089346 0.057577 0.05654  0.055956 0.781808 0.056148 0.05644  0.056005
 0.056724 0.808083 0.056162 0.056551 0.056645 0.087274 0.805247 0.056663
 0.055957 0.055668 0.056154 0.771742 0.056824 0.056141 0.08729  0.056392
 0.770736 0.056338 0.05608  0.056466 0.056035 0.775422 0.056169 0.056013
 0.086116 0.056478 0.805458 0.05681  0.056255 0.08759  0.056142 0.770971
 0.055896 0.0559   0.056729 0.055791 0.771083 0.087054 0.058073 0.086348
 0.056476 0.77175  0.055708 0.086438 0.056634 0.087513 0.768478 0.056214
 0.056071 0.056184 0.087083 0.809138 0.055667 0.056012 0.056075 0.055985
 0.777279 0.055755 0.055731 0.056264 0.086617 0.773244 0.055928 0.055843
 0.056599 0.056479 0.773034 0.056255 0.086603 0.056291 0.056232 0.808296
 0.056358 0.056662 0.086775 0.056311 0.806553 0.055453 0.055386 0.055871
 0.087258 0.769456 0.05584  0.086943 0.086877 0.056234 0.76832  0.056367
 0.056033 0.056386 0.086833 0.7667   0.055926 0.08673  0.056556 0.056032
 0.761784 0.056249 0.055674 0.087937 0.056222 0.804053 0.087264 0.056134
 0.056557 0.056288 0.802953 0.055999 0.056664 0.056193 0.056876 0.772769
 0.05602  0.055758 0.055858 0.087212 0.803595 0.055938 0.086663 0.055382
 0.086204 0.804825 0.056154 0.055525 0.056382 0.055966 0.768782 0.055885
 0.05597  0.055994 0.056014 0.805877 0.056123 0.086505 0.086886 0.056099
 0.803138 0.055946 0.056152 0.056943 0.055753 0.80063  0.056365 0.085963
 0.056158 0.05593  0.764471 0.055983 0.057127 0.056002 0.055634 0.764319
 0.05637  0.086859 0.056188 0.056736 0.76707  0.086678 0.055849 0.05581
 0.05621  0.766955 0.056165 0.056209 0.055773 0.08574  0.767203 0.056048
 0.055952 0.086852 0.055836 0.767282 0.056324 0.056185 0.056154 0.056
 0.801792 0.05593  0.055993 0.055814 0.055913 0.765961 0.055493 0.086137
 0.056199 0.08679  0.772721 0.055952 0.086157 0.055742 0.087169 0.80143
 0.087163 0.087923 0.05572  0.055779 0.768287 0.055867 0.055843 0.056691
 0.056542 0.769886 0.056179 0.086822 0.056197 0.056438 0.773253 0.056043
 0.087134 0.056151 0.056263 0.811512 0.056152 0.056204 0.055864 0.056572
 0.770065 0.056388 0.0565   0.055969 0.086538 0.771579 0.056115 0.056239
 0.057024 0.056571 0.803161 0.056373 0.056346 0.08667  0.055946 0.770223
 0.056828 0.056594 0.056704 0.055897 0.805483 0.055993 0.05576  0.087724
 0.056246 0.775146 0.055893 0.055414 0.055821 0.0561   0.772726 0.087606
 0.087047 0.087011 0.055918 0.770897 0.086714 0.056115 0.056073 0.055987
 0.770086 0.055973 0.055802 0.056558 0.087042 0.771709 0.056141 0.087114
 0.055939 0.056119 0.772732 0.08711  0.056249 0.055669 0.087728 0.775079
 0.056073 0.087067 0.087377 0.056467 0.774703 0.056261 0.055598 0.056065
 0.056749 0.769639 0.058808 0.057096 0.056416 0.087329 0.767411 0.055986
 0.087363 0.056754 0.055887 0.798835 0.055919 0.056903 0.055837 0.056184
 0.775869 0.055685 0.055707 0.087613 0.05618  0.772946 0.056    0.056228
 0.055983 0.056049 0.803872 0.056065 0.055797 0.056337 0.056099 0.771004
 0.055761 0.056658 0.055685 0.056234 0.805202 0.056592 0.056583 0.056598
 0.056451 0.776071 0.056854 0.055657 0.056893 0.056792 0.767538 0.086524
 0.055493 0.056239 0.057114 0.763478 0.08712  0.086802 0.055594 0.055557
 0.798655 0.056848 0.05588  0.087721 0.055828 0.763225 0.05596  0.05552
 0.05559  0.057387 0.76897  0.056009 0.086602 0.087207 0.056368 0.77121
 0.055811 0.056081 0.055471 0.055868 0.774791 0.055745 0.055805 0.056572
 0.056293 0.766209 0.05621  0.055999 0.05625  0.056361 0.763863 0.056256
 0.056177 0.056257 0.057288 0.763879 0.055968 0.056924 0.087383 0.056005
 0.802067 0.055706 0.056116 0.055891 0.056575 0.768008 0.056572 0.08681
 0.056273 0.08706  0.765027 0.056173 0.055993 0.05638  0.055505 0.767257
 0.056161 0.086845 0.05612  0.056378 0.765257 0.057208 0.056874 0.055566
 0.056173 0.804145 0.056116 0.055563 0.056503 0.055954 0.766988 0.055976
 0.086723 0.056152 0.056027 0.763618 0.056004 0.086435 0.055871 0.056721
 0.797172 0.05653  0.086593 0.056021 0.055411 0.767519 0.056282 0.086307
 0.056454 0.056334 0.767842 0.056204 0.056066 0.061491 0.078257 1.508147
 0.113039 0.112849 0.079261 0.07735  1.501214 0.113153 0.114545 0.07807
 0.077383 1.505953 0.078571 0.114134 0.113117 0.078752 1.502801 0.078188
 0.077093 0.078683 0.113766 1.502165 0.077465 0.076816 0.112249 0.077925
 1.541645 0.077187 0.112793 0.111822 0.111858 1.506155 0.076767 0.077742
 0.11204  0.075998 1.504338 0.076736 0.077895 0.111015 0.077058 1.53958
 0.076946 0.078171 0.077605 0.07836  1.508611 0.077068 0.111356 0.07881
 0.076946 1.501806 0.112135 0.112036 0.078227 0.113303 1.499786 0.077178
 0.077296 0.078496 0.078323 1.513053 0.076751 0.077264 0.076595 0.098619
 1.544668 0.077724 0.078632 0.078914 0.079239 1.087818 0.063808 0.096434
 0.06416  0.065429 1.113363 0.063765 0.063767 0.064723 0.096453 1.085259
 0.064143 0.096063 0.063946 0.063911 1.077611 0.063988 0.064442 0.097169
 0.06407  1.116568 0.063717 0.06367  0.06479  0.098487 1.078162 0.063957
 0.06338  0.063814 0.065171 1.134451 0.06392  0.095985 0.063539 0.096775
 1.090055 0.095409 0.097601 0.096415 0.063215 1.115752 0.063897 0.06498
 0.064181 0.064044 1.077266 0.063621 0.097585 0.096738 0.063544 1.080541
 0.063418 0.06367  0.063933 0.064034 1.120159 0.065453 0.064591 0.064842
 0.064333 1.077539 0.063741 0.063888 0.096766 0.064232 1.079789 0.064417
 0.064389 0.064263 0.06383  1.074592 0.064412 0.064491 0.064281 0.064121
 1.075267 0.063495 0.065867 0.063844 0.064149 1.079142 0.096145 0.063794
 0.071362 0.095858 1.075746 0.063202 0.063986 0.065356 0.063674 1.112228
 0.095951 0.064084 0.095541 0.064611 1.077223 0.096921 0.063148 0.063618
 0.064227 1.078833 0.06411  0.064346 0.065026 0.064431 1.114129 0.063653
 0.064513 0.06541  0.063485 1.110859 0.063607 0.063579 0.063699 0.064532
 1.110861]
Avg 0.23776353280000004
std 0.3592392769491623
(3, 7) 1
Episode Complete!
True positive 481
True Negative 219
False Positive 15
False Negative 0
Time [0.097916 0.063842 0.064804 0.064293 1.072084 0.064052 0.06482  0.064132
 0.064419 1.080048 0.065139 0.064221 0.064155 0.064222 1.072226 0.063462
 0.063841 0.065093 0.065403 1.110124 0.063664 0.097272 0.097374 0.064333
 1.074902 0.065009 0.064474 0.063991 0.095815 1.108163 0.06428  0.06442
 0.064406 0.064676 1.071042 0.063738 0.095035 0.063215 0.09621  1.109393
 0.063229 0.064244 0.064175 0.063346 1.074898 0.063418 0.062917 0.064796
 0.063467 1.078664 0.063664 0.06323  0.063604 0.096556 1.072287 0.095413
 0.063093 0.095169 0.065207 1.075879 0.063538 0.06317  0.095724 0.063174
 1.071986 0.064053 0.064426 0.094529 0.062618 1.071758 0.094934 0.063317
 0.094898 0.063829 1.106158 0.094705 0.063573 0.063868 0.096297 1.073299
 0.063662 0.066926 0.064231 0.063742 1.107305 0.063713 0.094399 0.063236
 0.062497 1.07505  0.063519 0.095566 0.063886 0.063396 1.10507  0.095834
 0.09538  0.095306 0.063802 1.071059 0.063936 0.063892 0.095077 0.063098
 1.075165 0.063976 0.095562 0.063119 0.095241 1.075619 0.063448 0.063987
 0.063512 0.063709 1.107388 0.094764 0.06271  0.09642  0.064031 1.109496
 0.095125 0.063663 0.064057 0.063349 1.073172 0.063888 0.063667 0.063746
 0.095114 1.076635 0.063899 0.063438 0.064028 0.063067 1.068884 0.063595
 0.094298 0.094989 0.063484 1.072148 0.095569 0.063561 0.06332  0.064207
 1.072719 0.063461 0.0627   0.063749 0.095529 1.077228 0.094542 0.063183
 0.095484 0.063204 1.073624 0.095522 0.063019 0.063431 0.06572  1.109536
 0.062643 0.064371 0.095525 0.063558 1.077595 0.063219 0.096066 0.06359
 0.095395 1.110997 0.063069 0.063066 0.062396 0.063121 1.105811 0.062757
 0.063796 0.063982 0.065029 1.071869 0.063144 0.063451 0.063954 0.095104
 1.109521 0.095433 0.063182 0.063394 0.064264 1.074921 0.0949   0.095092
 0.063868 0.063147 1.076436 0.065738 0.094416 0.063041 0.095781 1.072642
 0.062797 0.095144 0.064022 0.064494 1.075286 0.063851 0.095086 0.063244
 0.094035 1.076273 0.065871 0.062986 0.062947 0.095071 1.076166 0.063594
 0.063036 0.064163 0.064681 1.076601 0.066392 0.06415  0.095908 0.063668
 1.110317 0.095148 0.064045 0.094965 0.063558 1.074579 0.063947 0.06365
 0.06365  0.095768 1.11465  0.064459 0.065725 0.097333 0.094462 1.075358
 0.063052 0.062812 0.105904 0.095791 1.075527 0.095424 0.0634   0.094383
 0.064628 1.112147 0.063075 0.06293  0.063491 0.064236 1.073545 0.063164
 0.094189 0.065532 0.094763 1.105255 0.063876 0.095255 0.095982 0.063802
 1.129569 0.063977 0.063916 0.064395 0.096621 1.07412  0.063519 0.063287
 0.094763 0.061815 1.071484 0.097635 0.067065 0.064001 0.063517 1.070584
 0.064809 0.096324 0.096069 0.063649 1.072729 0.063471 0.094188 0.095476
 0.06326  1.075888 0.095296 0.094743 0.063552 0.063631 1.10763  0.096037
 0.064364 0.063342 0.062971 1.07309  0.063696 0.063631 0.06322  0.095521
 1.073147 0.063075 0.062598 0.064103 0.064096 1.10699  0.063378 0.095396
 0.063668 0.062955 1.105234 0.096148 0.09911  0.094184 0.094936 1.072187
 0.062647 0.095037 0.063837 0.095709 1.071882 0.063526 0.063603 0.06318
 0.064068 1.07372  0.062679 0.06372  0.064801 0.095293 1.107973 0.064741
 0.095519 0.062133 0.062877 1.106584 0.063245 0.064896 0.09524  0.095654
 1.079765 0.063818 0.064065 0.095461 0.06448  1.108154 0.063738 0.06399
 0.094976 0.063326 1.070337 0.097956 0.099905 0.097743 0.09582  1.108234
 0.095765 0.096405 0.062851 0.064041 1.071393 0.063211 0.063621 0.064496
 0.063919 1.071974 0.063002 0.063087 0.094586 0.095217 1.07761  0.095934
 0.062702 0.063269 0.064341 1.10948  0.094628 0.064277 0.095703 0.096099
 1.074283 0.064092 0.094882 0.096744 0.063614 1.086203 0.094997 0.063234
 0.094502 0.064191 1.072094 0.063932 0.09778  0.064375 0.063611 1.06938
 0.063638 0.063279 0.094055 0.063693 1.083508 0.063569 0.064805 0.064297
 0.063745 1.072876 0.063707 0.063495 0.063629 0.063584 1.105326 0.063986
 0.06386  0.094187 0.063538 1.108935 0.063839 0.095038 0.063619 0.063304
 1.072189 0.064365 0.06345  0.063722 0.063832 1.105129 0.063787 0.063301
 0.063333 0.062544 1.075183 0.065455 0.06353  0.064735 0.06438  1.075312
 0.094644 0.095007 0.103391 0.06391  1.069512 0.095857 0.063507 0.063425
 0.096589 1.071298 0.064392 0.094911 0.063185 0.064247 1.103139 0.06456
 0.063176 0.063871 0.063356 1.080428 0.095054 0.094612 0.095237 0.063248
 1.10964  0.06432  0.063335 0.097009 0.063741 1.070205 0.094617 0.063626
 0.094623 0.063174 1.076855 0.06398  0.074504 0.064236 0.0661   1.072718
 0.063687 0.063702 0.095318 0.063182 1.106555 0.063238 0.064252 0.065288
 0.063993 1.070426 0.063764 0.063402 0.063782 0.069883 1.075036 0.095876
 0.095173 0.063496 0.063511 1.070587 0.063813 0.094641 0.063442 0.063523
 1.108924 0.094659 0.063269 0.064023 0.064006 1.068902 0.063686 0.094989
 0.063051 0.063113 1.071234 0.095646 0.063631 0.095226 0.062342 1.071894
 0.063078 0.062737 0.06395  0.064025 1.073199 0.062791 0.064558 0.064966
 0.063807 1.109143 0.094903 0.095036 0.094434 0.0637   1.075302 0.063459
 0.064482 0.095614 0.095844 1.074609 0.06329  0.064147 0.063744 0.063396
 1.108745 0.063893 0.095135 0.062986 0.095328 1.0711   0.095001 0.063686
 0.062662 0.062669 1.072325 0.06353  0.063696 0.096595 0.063401 1.107324
 0.063764 0.063736 0.09571  0.070293 1.078701 0.064185 0.064223 0.095554
 0.062215 1.071039 0.095303 0.062771 0.095018 0.095296 1.104652 0.064416
 0.095392 0.063781 0.095518 1.069793 0.063161 0.062836 0.063973 0.063688
 1.077439 0.063664 0.063353 0.063104 0.064    1.109385 0.094565 0.063413
 0.064181 0.063384 1.070147 0.063222 0.065191 0.09645  0.063272 1.073984
 0.064136 0.063851 0.094868 0.09663  1.07151  0.063809 0.095667 0.094585
 0.063815 1.072093 0.094107 0.06406  0.063708 0.063721 1.071568 0.063609
 0.06381  0.095476 0.063061 1.075523 0.063987 0.063031 0.094723 0.096756
 1.07371  0.064952 0.063438 0.095075 0.062737 1.078289 0.064139 0.094327
 0.063226 0.06267  1.108362 0.095594 0.096378 0.095128 0.062881 1.107841
 0.063761 0.09463  0.095571 0.063046 1.078346 0.096669 0.063791 0.063532
 0.063913 1.075964 0.09486  0.063622 0.063114 0.063129 1.105784 0.063481
 0.063741 0.063962 0.063382 1.067533 0.063662 0.095601 0.094771 0.063646
 1.106651 0.063954 0.063751 0.063852 0.063641 1.107532 0.063124 0.063757
 0.095068 0.095594 1.06954  0.063299 0.064266 0.063616 0.063368 1.073643
 0.063974 0.095608 0.063276 0.094404 1.111626 0.063744 0.094569 0.095601
 0.064193 1.103995 0.063022 0.062896 0.063135 0.063487 1.075104 0.094979
 0.065019 0.063655 0.063662 1.079013 0.095689 0.064011 0.063806 0.063651
 1.107914 0.063785 0.095565 0.095615 0.064181 1.108912 0.063004 0.096089
 0.063682 0.06331 ]
Avg 0.2746035910364145
std 0.4041053342433751
(5, 5) 1
Episode Complete!
True positive 489
True Negative 491
False Positive 21
False Negative 0
Time [0.095916 0.065878 0.063356 0.101411 1.11281  0.095617 0.062906 0.094945
 0.064383 1.111068 0.063645 0.095192 0.062952 0.095806 1.076007 0.063603
 0.094421 0.069068 0.095687 1.110255 0.064085 0.09578  0.095394 0.09564
 1.076373 0.063041 0.063926 0.096143 0.096299 1.11326  0.063556 0.063538
 0.096428 0.062929 1.112371 0.096052 0.094403 0.063348 0.063442 1.073133
 0.096276 0.094993 0.094631 0.0646   1.07941  0.064605 0.06285  0.063584
 0.062807 1.077587 0.063017 0.09524  0.063457 0.095554 1.083876 0.063771
 0.06301  0.095103 0.063631 1.07785  0.094359 0.065567 0.095055 0.096814
 1.118769 0.095528 0.063328 0.094545 0.064421 1.109127 0.095946 0.063806
 0.095905 0.095558 1.117734 0.063155 0.063279 0.095634 0.095302 1.112296
 0.095509 0.063636 0.063717 0.099733 1.115848 0.094634 0.095001 0.094664
 0.096282 1.076713 0.063435 0.063349 0.062798 0.063535 1.076392 0.063281
 0.095347 0.095218 0.06308  1.07591  0.09529  0.096296 0.06337  0.063497
 1.110451 0.094647 0.095363 0.063575 0.063043 1.075244 0.066365 0.063728
 0.063392 0.062914 1.072057 0.063903 0.063735 0.063631 0.094621 1.078172
 0.064069 0.063688 0.097178 0.066055 1.07576  0.063598 0.06287  0.095802
 0.095831 1.11036  0.095713 0.094872 0.06336  0.096681 1.072144 0.064153
 0.095375 0.063648 0.095041 1.079553 0.095555 0.063393 0.06292  0.097323
 1.081048 0.063247 0.095455 0.096028 0.095489 1.083548 0.094548 0.063789
 0.095479 0.063013 1.113958 0.063757 0.063599 0.096289 0.063043 1.070622
 0.095455 0.096683 0.066082 0.06348  1.072651 0.095907 0.063468 0.094238
 0.063368 1.112654 0.063018 0.094746 0.06356  0.095847 1.109532 0.064171
 0.096521 0.095669 0.095776 1.108026 0.094615 0.062761 0.063784 0.063371
 1.116189 0.063614 0.063807 0.096245 0.094598 1.075717 0.062758 0.06376
 0.06395  0.095337 1.07263  0.096826 0.09483  0.063779 0.095376 1.10921
 0.095952 0.096287 0.063373 0.095319 1.076066 0.095714 0.063395 0.063278
 0.094663 1.078066 0.095168 0.094377 0.06316  0.094904 1.076816 0.095901
 0.063436 0.094757 0.095431 1.074255 0.095113 0.095742 0.06386  0.09528
 1.116805 0.094647 0.09558  0.063658 0.068146 1.116813 0.095319 0.063805
 0.064693 0.095121 1.07312  0.095811 0.094877 0.095163 0.063252 1.111898
 0.095604 0.062697 0.063187 0.062888 1.076963 0.095174 0.063203 0.06421
 0.063306 1.109219 0.095322 0.096401 0.094841 0.095517 1.073449 0.064093
 0.063342 0.099913 0.096119 1.072298 0.063923 0.09501  0.096101 0.063985
 1.074212 0.063505 0.063367 0.095121 0.0636   1.108835 0.065236 0.09515
 0.094824 0.063565 1.075278 0.094756 0.063385 0.063574 0.095786 1.077109
 0.063594 0.06353  0.095407 0.063611 1.076461 0.096463 0.095837 0.095799
 0.094985 1.113984 0.063535 0.099959 0.062981 0.095666 1.074384 0.094809
 0.095463 0.063066 0.094876 1.117654 0.095985 0.062977 0.09534  0.095669
 1.077118 0.063746 0.093931 0.063317 0.094868 1.073992 0.094872 0.063778
 0.095574 0.09501  1.073076 0.063076 0.06318  0.095455 0.094448 1.084174
 0.094588 0.095623 0.062808 0.063083 1.077579 0.095567 0.063665 0.094698
 0.064367 1.108917 0.096248 0.094926 0.094635 0.095297 1.07653  0.067172
 0.097034 0.09546  0.094864 1.108678 0.063176 0.063852 0.096009 0.095426
 1.082004 0.095517 0.0641   0.095741 0.095814 1.11697  0.063748 0.062815
 0.063047 0.063536 1.108857 0.062893 0.063088 0.09602  0.06503  1.078441
 0.063549 0.063232 0.063535 0.063584 1.113702 0.096529 0.094779 0.094888
 0.094588 1.110023 0.094964 0.095089 0.09426  0.063711 1.109758 0.094807
 0.06327  0.06381  0.06366  1.115297 0.095158 0.094838 0.095828 0.095805
 1.115074 0.095969 0.095689 0.063058 0.063314 1.115534 0.098501 0.063656
 0.06389  0.095407 1.078953 0.095312 0.062893 0.063348 0.09596  1.073351
 0.095861 0.064146 0.06401  0.095903 1.117464 0.095422 0.095999 0.063562
 0.063699 1.113662 0.064162 0.06358  0.063796 0.063546 1.108328 0.096081
 0.094713 0.063703 0.063982 1.076477 0.064253 0.06297  0.064076 0.095676
 1.083092 0.094783 0.096288 0.094757 0.09489  1.108431 0.063069 0.105012
 0.094326 0.095292 1.078036 0.063102 0.064292 0.064986 0.063358 1.074592
 0.081448 0.096194 0.095279 0.063266 1.076914 0.064409 0.095563 0.062892
 0.063183 1.075732 0.063658 0.063581 0.06319  0.06316  1.07252  0.063881
 0.098274 0.095275 0.095397 1.087188 0.095893 0.095077 0.06434  0.063273
 1.112078 0.063246 0.06316  0.063849 0.063863 1.075311 0.094893 0.062969
 0.063636 0.094789 1.079544 0.096003 0.064234 0.095563 0.063094 1.110144
 0.096488 0.063834 0.063399 0.095069 1.112158 0.063284 0.063579 0.064309
 0.096414 1.077549 0.095514 0.062561 0.064096 0.095509 1.108349 0.096552
 0.062979 0.062957 0.095343 1.110073 0.095482 0.09485  0.062694 0.0638
 1.110605 0.063237 0.094525 0.094993 0.095431 1.1073   0.095096 0.063746
 0.095637 0.094298 1.116761 0.064182 0.095139 0.095604 0.063686 1.076867
 0.094791 0.064098 0.0636   0.06396  1.10959  0.09604  0.063715 0.06367
 0.094851 1.108569 0.063133 0.094627 0.064063 0.064437 1.113762 0.094192
 0.06346  0.063488 0.062962 1.1071   0.095931 0.095082 0.063376 0.06395
 1.071574 0.063541 0.09524  0.062777 0.06353  1.108743 0.067593 0.063654
 0.063887 0.094671 1.074123 0.062699 0.063709 0.063722 0.095177 1.070828
 0.063575 0.063687 0.095786 0.064082 1.076291 0.094758 0.094631 0.063415
 0.063486 1.106968 0.062968 0.095164 0.096295 0.094731 1.068793 0.095193
 0.096577 0.063309 0.09552  1.108133 0.063517 0.062949 0.096121 0.096326
 1.110258 0.063617 0.095106 0.063001 0.064097 1.107365 0.062955 0.098678
 0.096114 0.062902 1.112062 0.095567 0.094931 0.094658 0.062076 1.112735
 0.095842 0.063397 0.063071 0.063731 1.106059 0.063395 0.063563 0.095654
 0.094609 1.109855 0.094396 0.095426 0.062998 0.063458 1.111256 0.095416
 0.095048 0.095812 0.095379 1.115111 0.096066 0.09403  0.063441 0.063424
 1.083738 0.095043 0.062047 0.095927 0.095352 1.110706 0.063109 0.064643
 0.063642 0.063234 1.073482 0.063661 0.0637   0.063647 0.096133 1.076518
 0.063474 0.095836 0.095229 0.062375 1.109854 0.095578 0.063157 0.095113
 0.063441 1.106395 0.095472 0.06336  0.062602 0.06304  1.107973 0.063193
 0.06256  0.063193 0.095388 1.074285 0.095263 0.095631 0.063786 0.063706
 1.069197 0.095554 0.064541 0.063164 0.062714 1.071947 0.094952 0.095198
 0.06306  0.095772 1.106518 0.062821 0.062686 0.063562 0.095982 1.071459
 0.063743 0.063701 0.095089 0.063078 1.073064 0.095641 0.09647  0.064179
 0.063457 1.110491 0.095331 0.063317 0.064173 0.06395  1.07773  0.063644
 0.063104 0.064017 0.063726 1.113101 0.094654 0.095021 0.096401 0.095563
 1.071845 0.097514 0.095885 0.062646 0.095033 1.111259 0.062786 0.063484
 0.063977 0.06364  1.111791 0.094066 0.063618 0.095009 0.062659 1.10854
 0.062705 0.094532 0.095271 0.062679 1.07509  0.09554  0.062627 0.063
 0.063714 1.074949 0.093936 0.063561 0.09515  0.063177 1.106859 0.063588
 0.062915 0.095058 0.094715 1.109358 0.063574 0.064041 0.095041 0.096407
 1.110548 0.094388 0.063501 0.067241 0.095181 1.104907 0.095933 0.064484
 0.063996 0.094859 1.076721 0.095298 0.064133 0.063304 0.063202 1.11095
 0.064269 0.095805 0.064706 0.094483 1.106743 0.095676 0.063975 0.063376
 0.094761 1.074157 0.095094 0.09615  0.063395 0.097653 1.113185 0.096118
 0.063202 0.063355 0.09561  1.080642 0.064202 0.062895 0.062942 0.095187
 1.110231 0.09519  0.09514  0.094089 0.094878 1.073081 0.063795 0.095649
 0.095236 0.06348  1.109378 0.063008 0.095814 0.064166 0.095734 1.112271
 0.064237 0.064098 0.094932 0.09521  1.076505 0.094661 0.095922 0.062733
 0.063116 1.106823 0.063683 0.063158 0.063871 0.095447 1.07323  0.064267
 0.063173 0.064392 0.0641   1.08035  0.063207 0.095222 0.062646 0.096039
 1.078086 0.095003 0.063836 0.06331  0.063284 1.074659 0.064034 0.095811
 0.062734 0.064425 1.077885 0.095493 0.063291 0.095299 0.06403  1.111809
 0.063461 0.095324 0.095419 0.062576 1.116838 0.095917 0.063821 0.066514
 0.095699 1.078505 0.063904 0.094964 0.094571 0.095446 1.113042 0.063707
 0.063761 0.064233 0.095061 1.074204 0.063564 0.068479 0.096889 0.064255
 1.110714 0.063715 0.095323 0.063499 0.063778 1.073192 0.095723 0.095231
 0.063561 0.063918 1.074534 0.095277 0.096601 0.095317 0.063899 1.075475
 0.095421 0.064286 0.095952 0.063315 1.075015 0.063909 0.095636 0.063695
 0.062742 1.106485 0.095352 0.095537 0.063449 0.09471  1.071608 0.096149
 0.095297 0.094517 0.063184 1.111175 0.063681 0.094946 0.095448 0.094698
 1.108594 0.095428 0.094767 0.062921 0.095077 1.077962 0.063695 0.063201
 0.094609 0.095245 1.115243 0.062999 0.096162 0.063708 0.095862 1.075043
 0.095752 0.09411  0.094518 0.063924 1.108611 0.067434 0.095279 0.095966
 0.09566  1.118486 0.097358 0.096235 0.096373 0.063688 1.120688 0.063671
 0.095277 0.10352  0.06389  1.080495 0.063833 0.063374 0.064124 0.063715
 1.111481 0.063771 0.063499 0.064044 0.095529 1.110675 0.063651 0.062954
 0.063923 0.095402 1.115368 0.09556  0.096248 0.096205 0.096366 1.109999
 0.064    0.096252 0.063081 0.096138 1.074988 0.096136 0.095213 0.063856
 0.065029 1.078391 0.063359 0.09439  0.064168 0.095504 1.111731 0.063605
 0.064032 0.096041 0.094561 1.076974 0.064073 0.095628 0.095477 0.09553
 1.10856  0.095892 0.096453 0.065418 0.095549 1.073673 0.063732 0.063448
 0.095791 0.064589 1.115792 0.063993 0.095962 0.062897 0.096262 1.080968]
Avg 0.2821537599999999
std 0.4062016900643138
(2, 8) 2
Episode Complete!
True positive 499
True Negative 2
False Positive 1
False Negative 124
Time [0.063636 0.066068 0.064042 0.064868 1.077408 0.064283 0.062877 0.064634
 0.063452 1.075029 0.063301 0.063544 0.064585 0.063625 1.074796 0.063328
 0.063777 0.06342  0.063963 1.072317 0.063441 0.063213 0.064075 0.064457
 1.072628 0.063761 0.063948 0.063482 0.063982 1.077639 0.063161 0.064261
 0.082456 0.063173 1.072127 0.064709 0.0633   0.064345 0.063194 1.072313
 0.063931 0.063325 0.063233 0.063592 1.074477 0.063687 0.065217 0.063094
 0.06353  1.074098 0.064168 0.063719 0.063486 0.063126 1.075113 0.063696
 0.064191 0.063422 0.064673 1.070538 0.064423 0.063735 0.063105 0.063559
 1.074673 0.066722 0.063414 0.065679 0.063722 1.076373 0.063366 0.063771
 0.063337 0.06398  1.072187 0.064237 0.063301 0.063869 0.064322 1.072517
 0.064391 0.06335  0.063484 0.063716 1.073769 0.064914 0.063816 0.064292
 0.066927 1.074145 0.063536 0.062699 0.063924 0.06376  1.087437 0.063044
 0.06424  0.063446 0.063572 1.071588 0.064858 0.063781 0.063638 0.064205
 1.077525 0.063321 0.063185 0.064047 0.063445 1.076012 0.06341  0.063506
 0.063545 0.063817 1.073659 0.06376  0.06341  0.064208 0.06424  1.074466
 0.063623 0.062884 0.063459 0.063652 1.072703 0.063564 0.067203 0.064125
 0.063447 1.074637 0.064235 0.065343 0.063284 0.063401 1.073898 0.063344
 0.063137 0.064158 0.063454 1.077269 0.063482 0.063473 0.063463 0.064355
 1.070382 0.063164 0.063155 0.063733 0.063719 1.075127 0.062925 0.063144
 0.065079 0.063782 1.073835 0.06352  0.063031 0.063893 0.064174 1.073341
 0.063094 0.063312 0.063505 0.063829 1.074036 0.063226 0.063199 0.063478
 0.063861 1.077367 0.063747 0.063083 0.064099 0.064402 1.07392  0.063385
 0.063034 0.06327  0.064116 1.075894 0.065953 0.064061 0.06389  0.063751
 1.072254 0.063809 0.063546 0.063462 0.062859 1.078382 0.063549 0.064019
 0.063481 0.063153 1.074009 0.063969 0.063887 0.064191 0.063752 1.072309
 0.064052 0.063625 0.063746 0.063521 1.07326  0.063717 0.063956 0.06362
 0.063951 1.072849 0.063786 0.063059 0.064132 0.063632 1.080647 0.064152
 0.0638   0.064087 0.063252 1.073541 0.062875 0.063977 0.063189 0.063575
 1.072159 0.064651 0.063242 0.063702 0.064333 1.076038 0.064621 0.064358
 0.064166 0.063794 1.073115 0.062806 0.063325 0.065354 0.063848 1.075253
 0.063261 0.062921 0.063726 0.063582 1.07299  0.063329 0.062568 0.064262
 0.0636   1.074986 0.063038 0.063345 0.063718 0.063695 1.078118 0.063901
 0.063516 0.063337 0.064047 1.077259 0.063603 0.064183 0.06364  0.063386
 1.072475 0.06432  0.063732 0.063147 0.063428 1.07234  0.064254 0.062882
 0.063074 0.063291 1.078365 0.0637   0.063651 0.064032 0.063102 1.075544
 0.064256 0.063449 0.063406 0.063814 1.073186 0.063731 0.063766 0.064655
 0.063414 1.073473 0.064518 0.063607 0.064028 0.063153 1.075676 0.063173
 0.063791 0.064023 0.06368  1.076195 0.063504 0.065673 0.063051 0.064175
 1.072808 0.063378 0.06293  0.063946 0.064178 1.080103 0.064096 0.063904
 0.064017 0.064859 1.074408 0.065675 0.064745 0.06453  0.063748 1.075866
 0.064784 0.064843 0.065784 0.064722 1.075053 0.064871 0.064371 0.064453
 0.064674 1.078186 0.063313 0.062675 0.063955 0.06361  1.081341 0.064375
 0.06388  0.063554 0.063199 1.077447 0.063545 0.063457 0.063315 0.065084
 1.072573 0.063681 0.063869 0.063756 0.063427 1.074411 0.064946 0.065406
 0.063776 0.064227 1.073888 0.063789 0.063944 0.064045 0.064018 1.074236
 0.063086 0.063211 0.063667 0.063676 1.072632 0.063502 0.064382 0.063393
 0.063754 1.0731   0.063865 0.06311  0.064965 0.063702 1.069502 0.064836
 0.064104 0.063875 0.062924 1.072864 0.063527 0.064016 0.063749 0.063275
 1.072014 0.064394 0.063397 0.063684 0.063584 1.074086 0.064253 0.063472
 0.064066 0.065059 1.074191 0.064081 0.063888 0.064227 0.063465 1.072322
 0.064934 0.063598 0.063629 0.063795 1.070055 0.063646 0.064942 0.065123
 0.063789 1.079411 0.063351 0.062911 0.06368  0.063627 1.079594 0.063663
 0.063552 0.063772 0.064069 1.070503 0.06406  0.063387 0.063127 0.063288
 1.077857 0.063476 0.0639   0.063316 0.064852 1.074002 0.063948 0.063747
 0.063825 0.063627 1.072717 0.064454 0.064428 0.064095 0.063556 1.07096
 0.064222 0.063781 0.064015 0.063683 1.07288  0.064011 0.064187 0.064191
 0.064201 1.073945 0.063563 0.06357  0.064208 0.063774 1.073038 0.063438
 0.063703 0.064371 0.063961 1.074117 0.06461  0.063881 0.063379 0.063726
 1.070436 0.063374 0.063887 0.063843 0.063516 1.071625 0.064182 0.069214
 0.065096 0.063258 1.071659 0.063921 0.063759 0.06355  0.063882 1.074445
 0.06419  0.06356  0.064417 0.063773 1.071306 0.063576 0.063683 0.064068
 0.063954 1.073293 0.063491 0.063083 0.067423 0.062959 1.072735 0.063748
 0.062671 0.062899 0.063023 1.072631 0.063535 0.063536 0.06333  0.063954
 1.072601 0.063046 0.063859 0.062999 0.064246 1.072368 0.063603 0.063352
 0.064265 0.064321 1.073123 0.064204 0.06343  0.063722 0.063803 1.072013
 0.063413 0.064514 0.063481 0.063786 1.077017 0.063816 0.063969 0.063312
 0.064604 1.071806 0.063574 0.063928 0.063353 0.0628   1.07181  0.065518
 0.063487 0.063614 0.063181 1.07255  0.063495 0.063771 0.063689 0.063514
 1.076878 0.064803 0.064077 0.06397  0.063373 1.076105 0.064503 0.064763
 0.065408 0.064123 1.099119 0.065524 0.063911 0.063939 0.06322  1.071231
 0.063679 0.063971 0.063271 0.063628 1.070471 0.063723 0.062973 0.062788
 0.063381 1.071774 0.063372 0.063587 0.064861 0.063889 1.074756 0.063546
 0.063296 0.063981 0.06407  1.07392  0.063431 0.066368 0.063166 0.063237
 1.077641 0.064391 0.064375 0.070334 0.064002 1.073001 0.063616 0.064435
 0.063549 0.06358  1.076691 0.063413 0.066915 0.063175 0.064273 1.074305
 0.064194 0.063493 0.0631   0.062964 1.0744   0.063876 0.063123 0.063231
 0.063177 1.072291 0.063405 0.063344 0.063527 0.0644   1.07578  0.063891
 0.063401 0.063179 0.063226 1.075503 0.063632 0.062996 0.063425 0.062783
 1.072605]
Avg 0.2660000479999999
std 0.4042348054946218
(3, 7) 2
Episode Complete!
True positive 489
True Negative 5
False Positive 9
False Negative 212
Time [0.065484 0.064237 0.064034 0.064071 1.07314  0.063213 0.06421  0.063292
 0.065597 1.071937 0.062957 0.062924 0.064909 0.063872 1.070641 0.063871
 0.064112 0.063624 0.064007 1.071296 0.064668 0.063644 0.063321 0.064272
 1.074227 0.064384 0.063675 0.063155 0.063705 1.073228 0.063528 0.063959
 0.064156 0.064124 1.089048 0.063854 0.063924 0.06349  0.06423  1.074709
 0.063522 0.064263 0.064122 0.063508 1.073772 0.063132 0.064054 0.063727
 0.063869 1.070026 0.0643   0.063773 0.063239 0.06353  1.069769 0.065822
 0.063788 0.06414  0.063539 1.066671 0.06347  0.062488 0.063603 0.063769
 1.070213 0.063231 0.064662 0.063143 0.063957 1.072512 0.063865 0.063622
 0.064523 0.064572 1.070807 0.06394  0.064385 0.06417  0.063518 1.067856
 0.063532 0.064182 0.063424 0.062038 1.069361 0.064122 0.063388 0.062793
 0.064556 1.071118 0.063542 0.063731 0.063608 0.063341 1.068947 0.064015
 0.063548 0.06418  0.065258 1.067417 0.063614 0.063321 0.062841 0.063845
 1.073038 0.063382 0.063392 0.064466 0.06312  1.06853  0.063322 0.064347
 0.063127 0.063687 1.070051 0.064251 0.06357  0.064676 0.063114 1.069438
 0.064849 0.064276 0.063356 0.063543 1.067153 0.063673 0.063111 0.0636
 0.063964 1.074263 0.063263 0.064253 0.063806 0.063868 1.072924 0.062875
 0.063978 0.063746 0.063444 1.070379 0.063832 0.06356  0.065358 0.063153
 1.070883 0.063597 0.063843 0.06383  0.062728 1.069651 0.064858 0.064074
 0.06395  0.067679 1.072924 0.063862 0.063792 0.063289 0.063241 1.068016
 0.064253 0.063291 0.063079 0.062492 1.075548 0.063881 0.064251 0.062774
 0.063439 1.073303 0.064236 0.063815 0.06412  0.063643 1.069601 0.062771
 0.063818 0.063399 0.063439 1.072673 0.063959 0.063858 0.063983 0.063482
 1.072257 0.067715 0.064251 0.063043 0.062953 1.072873 0.06437  0.063857
 0.064223 0.063973 1.080237 0.064382 0.06243  0.062478 0.063874 1.070683
 0.062957 0.064243 0.063964 0.064003 1.071063 0.063721 0.064136 0.063919
 0.063833 1.073948 0.064077 0.063646 0.064212 0.063786 1.07255  0.063765
 0.063515 0.06402  0.062718 1.070896 0.064407 0.064149 0.063556 0.063896
 1.071243 0.06496  0.063763 0.063386 0.064098 1.072351 0.063704 0.064344
 0.063752 0.063685 1.070887 0.06329  0.063929 0.063532 0.063087 1.070954
 0.063552 0.063103 0.062743 0.06393  1.072054 0.062923 0.063421 0.064501
 0.06374  1.074124 0.063109 0.063453 0.064214 0.063815 1.070324 0.064365
 0.063975 0.063243 0.063881 1.068017 0.06428  0.063665 0.064159 0.0635
 1.069741 0.063372 0.063553 0.06316  0.064736 1.080531 0.063862 0.064936
 0.063515 0.063093 1.072526 0.0638   0.064072 0.064533 0.06362  1.071385
 0.064928 0.064346 0.063393 0.063325 1.072919 0.064121 0.06381  0.063824
 0.063122 1.075417 0.063931 0.063555 0.065126 0.063985 1.072368 0.063845
 0.063441 0.063341 0.06387  1.07345  0.063945 0.06387  0.063535 0.063719
 1.068028 0.063843 0.062914 0.063842 0.062085 1.071467 0.063255 0.063568
 0.063102 0.064463 1.07308  0.064153 0.063179 0.064442 0.063508 1.070897
 0.063692 0.064312 0.064225 0.064739 1.067892 0.065321 0.067642 0.063755
 0.064101 1.076446 0.063698 0.063564 0.063629 0.06338  1.068329 0.064783
 0.06345  0.063488 0.063481 1.070626 0.063723 0.064215 0.063479 0.062919
 1.071885 0.064079 0.064007 0.062536 0.062076 1.074667 0.064585 0.064077
 0.06348  0.062856 1.068006 0.063491 0.063363 0.064887 0.063002 1.068837
 0.063909 0.063494 0.063588 0.063735 1.068078 0.063907 0.06431  0.064031
 0.062354 1.07177  0.063498 0.06442  0.065482 0.063234 1.071805 0.063632
 0.064396 0.064558 0.064321 1.073463 0.06386  0.064891 0.064089 0.064042
 1.068296 0.065147 0.064509 0.064848 0.064415 1.072159 0.065187 0.064312
 0.064055 0.063429 1.073455 0.064509 0.064365 0.063334 0.064169 1.075002
 0.064126 0.063826 0.064094 0.064148 1.066651 0.064028 0.0642   0.064393
 0.064003 1.07254  0.064187 0.064785 0.064112 0.063947 1.071575 0.06401
 0.064467 0.063601 0.063434 1.071618 0.064182 0.064186 0.064678 0.063796
 1.073809 0.064275 0.063551 0.06366  0.063962 1.073485 0.064257 0.064071
 0.064107 0.063984 1.069685 0.063891 0.063409 0.064492 0.063562 1.074957
 0.06403  0.064563 0.063698 0.064147 1.071679 0.064067 0.063823 0.063239
 0.062691 1.074125 0.064434 0.063595 0.063514 0.063782 1.07374  0.063863
 0.064277 0.063707 0.063492 1.089172 0.064432 0.064269 0.06413  0.064098
 1.069642 0.064112 0.064001 0.064159 0.063109 1.068742 0.063857 0.063766
 0.062642 0.062526 1.074649 0.064163 0.06286  0.062604 0.063493 1.071097
 0.062948 0.063476 0.06442  0.064131 1.070074 0.063599 0.064327 0.062856
 0.063321 1.077228 0.063175 0.063789 0.064668 0.063951 1.076294 0.063427
 0.064156 0.063041 0.063533 1.075283 0.063893 0.063874 0.063238 0.06291
 1.070566 0.063389 0.06377  0.064487 0.065853 1.073146 0.063537 0.063074
 0.062399 0.063748 1.071737 0.064359 0.063111 0.063081 0.063722 1.071068
 0.064038 0.064054 0.063088 0.063104 1.068541 0.063885 0.063903 0.063922
 0.06328  1.067401 0.06509  0.063341 0.064361 0.062979 1.071047 0.064232
 0.064325 0.063575 0.064257 1.072072 0.064256 0.063745 0.064193 0.063155
 1.069774 0.063995 0.063653 0.062922 0.063196 1.072763 0.064662 0.064058
 0.063473 0.063648 1.070857 0.063603 0.063375 0.064149 0.065451 1.0712
 0.064689 0.063941 0.063626 0.062542 1.068787 0.062637 0.063405 0.06379
 0.063282 1.070853 0.064103 0.066721 0.063744 0.067003 1.085567 0.063106
 0.063597 0.063941 0.064869 1.072693 0.062967 0.064204 0.064046 0.063532
 1.069901 0.063859 0.063927 0.062904 0.063321 1.069252 0.063656 0.063121
 0.062798 0.063352 1.076027 0.064163 0.063205 0.063827 0.062965 1.07053
 0.062998 0.063179 0.064127 0.063824 1.070373 0.064605 0.063605 0.063779
 0.063867 1.069011 0.064138 0.069051 0.063102 0.063034 1.069331 0.063447
 0.06391  0.062868 0.062874 1.070179 0.063741 0.063977 0.063396 0.063307
 1.071829 0.063908 0.063268 0.063553 0.063281 1.066127 0.063488 0.06397
 0.064363 0.063379 1.068512 0.064561 0.06398  0.063675 0.063902 1.070033
 0.063191 0.063736 0.064269 0.063661 1.075639 0.063518 0.063422 0.06285
 0.063651 1.068939 0.064487 0.063647 0.063598 0.063678 1.073424 0.063941
 0.063787 0.063272 0.063568 1.069644 0.065416 0.063838 0.06365  0.064419
 1.068402 0.063966 0.064055 0.062955 0.063509 1.069344 0.063532 0.063524
 0.063429 0.065545 1.070894 0.064145 0.063965 0.063506 0.062699 1.070501
 0.063547 0.063942 0.064363 0.064255 1.068314 0.064067 0.063646 0.063754
 0.064254 1.071001 0.063743 0.063862 0.06317  0.06345  1.070026 0.063784
 0.063598 0.062676 0.063678 1.070929 0.063124 0.063253 0.064211 0.065542
 1.073104 0.062919 0.063281 0.063216 0.064121 1.070854 0.063878 0.064665
 0.063025 0.063139]
Avg 0.26427573669467763
std 0.40232571505316755
(5, 5) 2
Episode Complete!
True positive 494
True Negative 1
False Positive 5
False Negative 501
Time [0.058489 0.057666 0.058151 0.057752 0.775458 0.058677 0.058105 0.05744
 0.057775 0.772624 0.057724 0.058472 0.057645 0.056199 0.769752 0.056568
 0.056735 0.057203 0.057066 0.774814 0.056712 0.056522 0.056813 0.056759
 0.771016 0.056603 0.056697 0.056757 0.056502 0.768654 0.056769 0.060912
 0.056664 0.056774 0.773258 0.056213 0.056135 0.056084 0.055743 0.770295
 0.056256 0.055628 0.055695 0.055818 0.770914 0.055698 0.056305 0.055618
 0.055769 0.772897 0.055509 0.057115 0.056011 0.055623 0.771334 0.055784
 0.055244 0.055791 0.055963 0.770283 0.05655  0.055786 0.055554 0.056447
 0.773057 0.056127 0.05556  0.055775 0.05619  0.770983 0.055613 0.055741
 0.055384 0.055644 0.766537 0.055575 0.056164 0.05781  0.056362 0.769169
 0.056288 0.059647 0.055876 0.056913 0.771639 0.055782 0.055885 0.056018
 0.059047 0.765007 0.056249 0.057342 0.055941 0.05589  0.771854 0.055819
 0.055921 0.055631 0.055813 0.771833 0.055745 0.055383 0.055498 0.056078
 0.767372 0.055562 0.055738 0.057039 0.056075 0.762839 0.055919 0.056116
 0.055675 0.056126 0.766113 0.056419 0.055923 0.055834 0.055878 0.765515
 0.055827 0.056131 0.056035 0.055786 0.766306 0.056372 0.055643 0.055572
 0.05587  0.764031 0.0566   0.058998 0.056096 0.056161 0.763491 0.055464
 0.055837 0.055832 0.055887 0.76632  0.055832 0.055906 0.056096 0.056509
 0.766842 0.055544 0.055808 0.056194 0.056262 0.768569 0.055823 0.055683
 0.055518 0.055981 0.76552  0.055662 0.055323 0.055244 0.055914 0.765094
 0.055533 0.056088 0.057135 0.055797 0.767865 0.055997 0.05618  0.055861
 0.055551 0.768414 0.055508 0.056131 0.05604  0.055547 0.774455 0.055582
 0.055784 0.055754 0.055837 0.765414 0.056023 0.056464 0.060276 0.055819
 0.764663 0.055577 0.055546 0.05536  0.055887 0.772084 0.055827 0.056162
 0.05624  0.055765 0.774257 0.055868 0.055632 0.056578 0.055637 0.770772
 0.055779 0.056185 0.055866 0.055736 0.781192 0.055619 0.055439 0.055851
 0.055842 0.769129 0.05607  0.056072 0.055803 0.055837 0.771813 0.056092
 0.055933 0.055694 0.055519 0.7709   0.055635 0.055978 0.05595  0.05614
 0.76699  0.055764 0.0567   0.055853 0.055813 0.770536 0.056012 0.056011
 0.059338 0.056039 0.768605 0.05581  0.055608 0.056198 0.056447 0.7684
 0.055735 0.056025 0.055659 0.055918 0.77234  0.05575  0.055766 0.055961
 0.055846 0.772546 0.055683 0.055879 0.055868 0.055481 0.771825 0.056052
 0.055502 0.055566 0.056116 0.770726 0.056242 0.056822 0.05589  0.055491
 0.768483 0.056043 0.055996 0.055396 0.056039 0.768479 0.055468 0.055536
 0.0555   0.055776 0.768431 0.056132 0.055602 0.05586  0.055623 0.768313
 0.055781 0.055796 0.059547 0.056029 0.769315 0.056024 0.055731 0.055521
 0.055943 0.772201 0.055633 0.055603 0.055841 0.05594  0.769265 0.056199
 0.055257 0.055783 0.056206 0.770925 0.056287 0.055724 0.056192 0.055793
 0.775135 0.055966 0.055859 0.05578  0.056218 0.768477 0.055911 0.056332
 0.056978 0.05605  0.773911 0.05576  0.055751 0.056123 0.055966 0.766073
 0.055508 0.056063 0.055901 0.055513 0.765112 0.055948 0.055929 0.055609
 0.055946 0.767232 0.05553  0.05565  0.060006 0.055848 0.760949 0.056057
 0.056317 0.055896 0.055722 0.77201  0.056033 0.0554   0.055829 0.057406
 0.763884 0.056136 0.0555   0.055587 0.055464 0.764289 0.055549 0.055674
 0.055545 0.055689 0.762574 0.058873 0.05639  0.056889 0.057315 0.76891
 0.056513 0.056063 0.056947 0.0568   0.769782 0.05698  0.056542 0.056374
 0.056337 0.7749   0.056252 0.056173 0.057228 0.057185 0.759798 0.061736
 0.056402 0.056053 0.056184 0.762549 0.056448 0.056397 0.056343 0.060922
 0.76655  0.056852 0.056574 0.056225 0.056427 0.769772 0.056329 0.056289
 0.057353 0.057088 0.770813 0.056388 0.056648 0.056386 0.056507 0.770873
 0.056215 0.056441 0.056085 0.056414 0.771604 0.057795 0.057129 0.056721
 0.056042 0.765319 0.056023 0.056426 0.056339 0.056775 0.78123  0.055877
 0.055987 0.056393 0.056148 0.774949 0.05695  0.056823 0.056357 0.056475
 0.768759 0.061075 0.056776 0.056471 0.055979 0.76719  0.056679 0.056716
 0.056382 0.061339 0.756863 0.056028 0.056895 0.056329 0.056344 0.769033
 0.056689 0.056242 0.05578  0.056303 0.771413 0.056115 0.056476 0.056653
 0.056825 0.772355 0.056587 0.056559 0.05655  0.055953 0.771195 0.057007
 0.056679 0.056504 0.056369 0.768543 0.056497 0.05711  0.056589 0.056667
 0.793712 0.056824 0.056681 0.0563   0.056057 0.775757 0.057356 0.057634
 0.056856 0.057753 0.787456 0.057131 0.057168 0.056662 0.05669  0.782071
 0.057442 0.058167 0.060749 0.057204 0.769533 0.056604 0.056071 0.05626
 0.056596 0.795981 0.060747 0.062312 0.058418 0.057375 0.791726 0.05635
 0.058863 0.056235 0.055647 0.785178 0.058133 0.058111 0.056323 0.056938
 0.774528 0.056692 0.057011 0.055873 0.057734 0.771606 0.056242 0.056808
 0.056813 0.056309 0.770924 0.055601 0.056217 0.05835  0.055889 0.767637
 0.055985 0.057013 0.055514 0.055817 0.777982 0.056394 0.057122 0.056567
 0.056468 0.76864  0.062009 0.056755 0.056728 0.056296 0.770395 0.05641
 0.057013 0.060661 0.057715 0.765951 0.056721 0.056865 0.057493 0.05661
 0.769687 0.05738  0.05685  0.057106 0.056687 0.771648 0.056763 0.056729
 0.056898 0.0565   0.768868 0.056805 0.056581 0.056813 0.057542 0.773102
 0.056642 0.056855 0.056421 0.056248 0.773506 0.056675 0.056613 0.05783
 0.056882 0.768584 0.056696 0.056651 0.056709 0.056577 0.773783 0.056659
 0.056172 0.056308 0.056456 0.772756 0.060562 0.057575 0.057894 0.056321
 0.769149 0.058377 0.057561 0.060825 0.057976 0.800975 0.059716 0.058451
 0.057876 0.058235 0.801187 0.058905 0.057721 0.057463 0.057642 0.804518
 0.056961 0.05654  0.056598 0.057353 0.769104 0.059487 0.058736 0.056447
 0.056691 0.770119 0.056678 0.056824 0.057827 0.056692 0.784678 0.057191
 0.057395 0.056471 0.056556 0.773708 0.056827 0.056721 0.063034 0.063973
 0.773288 0.057496 0.056696 0.056281 0.059456 0.800543 0.056885 0.05647
 0.056634 0.056316 0.777164 0.056085 0.055645 0.055824 0.055529 0.767778
 0.057222 0.056004 0.056542 0.055548 0.766328 0.059299 0.055798 0.055944
 0.057777 0.764845 0.056322 0.055883 0.055662 0.056663 0.769378 0.057164
 0.055654 0.055585 0.055548 0.768017 0.057454 0.055662 0.0558   0.056635
 0.770026 0.056428 0.056329 0.055845 0.056067 0.770425 0.055945 0.056298
 0.056437 0.055609 0.772499 0.05653  0.055769 0.055361 0.057357 0.768229
 0.056137 0.055888 0.055967 0.055568 0.766726 0.055507 0.055888 0.055739
 0.055405 0.771139 0.055714 0.059851 0.056079 0.055978 0.768915 0.056001
 0.05597  0.056443 0.056341 0.761262 0.056028 0.055286 0.056426 0.056142
 0.772088 0.056697 0.056132 0.055731 0.055372 0.772377 0.055722 0.055575
 0.055938 0.055998 0.768705 0.056007 0.055414 0.056394 0.055871 0.770921
 0.055877 0.056178 0.055276 0.057512 0.767331 0.055908 0.055954 0.056745
 0.055582 0.765544 0.055528 0.055971 0.056293 0.05617  0.767732 0.05778
 0.056717 0.056719 0.055904 0.765715 0.055687 0.061324 0.05585  0.056454
 0.77254  0.056102 0.056119 0.05564  0.055439 0.777506 0.055615 0.056618
 0.055986 0.055938 0.772077 0.056225 0.055532 0.055891 0.055921 0.77155
 0.056411 0.055717 0.055952 0.056293 0.771024 0.056042 0.055639 0.056042
 0.055502 0.770247 0.056485 0.056865 0.056822 0.055744 0.763088 0.05578
 0.05567  0.057175 0.055889 0.769143 0.055557 0.056452 0.055611 0.056372
 0.77392  0.055729 0.056494 0.056138 0.055736 0.76308  0.055294 0.057148
 0.055804 0.057856 0.765743 0.056023 0.055865 0.056378 0.055695 0.771474
 0.055891 0.056827 0.058657 0.056968 0.766438 0.057061 0.056632 0.056775
 0.056187 0.761012 0.056397 0.056935 0.056784 0.056804 0.765443 0.057118
 0.056872 0.055895 0.055402 0.763183 0.056109 0.055926 0.055993 0.055474
 0.764674 0.056193 0.055302 0.055874 0.056582 0.767965 0.055424 0.055852
 0.055598 0.055286 0.766987 0.055865 0.055866 0.055668 0.0553   0.767747
 0.055562 0.05632  0.056525 0.056303 0.7639   0.05679  0.055723 0.055936
 0.055796 0.76827  0.05567  0.055529 0.055442 0.055451 0.76212  0.055485
 0.055894 0.05604  0.056332 0.765535 0.055985 0.055402 0.0558   0.055311
 0.770273 0.056393 0.055404 0.055146 0.055544 0.764058 0.05589  0.055929
 0.056247 0.055861 0.765028 0.055735 0.055305 0.05547  0.055475 0.765181
 0.056086 0.055494 0.05546  0.056097 0.76512  0.059635 0.055544 0.055718
 0.055461 0.764455 0.056098 0.056844 0.055597 0.059538 0.760013 0.055262
 0.055764 0.055677 0.05556  0.770937 0.055716 0.055334 0.055489 0.055432
 0.765346 0.055717 0.056573 0.05552  0.055099 0.76539  0.055584 0.055512
 0.055858 0.05556  0.77141  0.056196 0.055742 0.055842 0.055555 0.763171
 0.055802 0.055743 0.056101 0.055378 0.767578 0.055694 0.056126 0.055425
 0.055835 0.76568  0.05588  0.056312 0.057398 0.055547 0.764032 0.056006
 0.055466 0.075351 0.05574  0.764624 0.056412 0.055508 0.05553  0.055575
 0.769872 0.056641 0.055975 0.055597 0.05581  0.76729  0.055637 0.055929
 0.055969 0.055763 0.768716 0.056039 0.055714 0.056112 0.056187 0.767391
 0.056809 0.055304 0.055414 0.055754 0.763385 0.055943 0.055573 0.055377
 0.056056 0.770665 0.056311 0.055592 0.055486 0.055673 0.765543 0.05523
 0.055524 0.05639  0.055679 0.766073 0.056892 0.057816 0.055742 0.055548
 0.769307 0.055913 0.055585 0.056206 0.055608 0.765962 0.055582 0.055645
 0.055467 0.056015 0.767029 0.055603 0.055957 0.055478 0.055503 0.765252]
Avg 0.19915163200000005
std 0.2855301494556142
(2, 8) 3
Episode Complete!
True positive 492
True Negative 125
False Positive 9
False Negative 0
Time [0.055983 0.055485 0.081651 0.055709 0.789615 0.056231 0.055696 0.05573
 0.055999 0.771678 0.055658 0.055444 0.055766 0.08161  0.77415  0.055615
 0.054909 0.055361 0.054861 0.799909 0.057008 0.055352 0.055852 0.055295
 0.768439 0.055101 0.08854  0.081585 0.056073 0.765725 0.054821 0.054954
 0.055204 0.055195 0.766105 0.05575  0.080659 0.055269 0.055432 0.766115
 0.054927 0.056385 0.055719 0.055161 0.796964 0.081651 0.054632 0.055305
 0.055514 0.766861 0.055491 0.055706 0.081832 0.081542 0.76997  0.05566
 0.054923 0.05681  0.055017 0.766112 0.081463 0.055428 0.05555  0.055599
 0.77016  0.056607 0.055512 0.055389 0.054952 0.768745 0.05513  0.055421
 0.055068 0.055661 0.765771 0.055175 0.056123 0.063358 0.055305 0.782665
 0.055694 0.081028 0.055595 0.081725 0.766818 0.082227 0.055164 0.055262
 0.055093 0.770702 0.080404 0.05581  0.081519 0.080656 0.767938 0.055308
 0.080749 0.055391 0.055273 0.765216 0.056005 0.082079 0.055358 0.05684
 0.763904 0.081708 0.055928 0.055612 0.055673 0.794875 0.055401 0.055705
 0.05542  0.056181 0.796575 0.054934 0.055327 0.056026 0.055123 0.769538
 0.055374 0.05574  0.055636 0.054694 0.768323 0.055589 0.055927 0.056511
 0.054934 0.766572 0.054972 0.055762 0.055677 0.055123 0.800554 0.055663
 0.055446 0.055592 0.082086 0.76759  0.055021 0.082749 0.055423 0.055067
 0.76498  0.055668 0.081574 0.055349 0.081901 0.768195 0.082325 0.056039
 0.081817 0.055013 0.787763 0.055056 0.055842 0.055362 0.055872 0.767369
 0.055318 0.05526  0.081863 0.055547 0.766724 0.055582 0.055419 0.05637
 0.055513 0.768265 0.061619 0.055403 0.056018 0.055505 0.765245 0.055597
 0.054838 0.055882 0.062946 0.792789 0.058476 0.055379 0.055153 0.054915
 0.772702 0.055563 0.055628 0.055573 0.081039 0.765942 0.081543 0.055435
 0.055274 0.082328 0.76354  0.055321 0.081096 0.055524 0.056052 0.773922
 0.080759 0.054848 0.055508 0.055654 0.765784 0.055282 0.08088  0.055111
 0.055184 0.769268 0.055798 0.055083 0.05503  0.055168 0.79626  0.055263
 0.055157 0.082798 0.055223 0.765165 0.05544  0.056984 0.055672 0.054771
 0.766438 0.055138 0.054983 0.055187 0.054968 0.783858 0.055063 0.082338
 0.055922 0.055332 0.796005 0.056202 0.055254 0.054856 0.081719 0.799086
 0.055122 0.055811 0.055571 0.054968 0.768385 0.055307 0.082509 0.082112
 0.055277 0.768701 0.055139 0.055058 0.055729 0.055153 0.767559 0.055555
 0.055735 0.08101  0.055345 0.766716 0.054995 0.055341 0.054863 0.082056
 0.767651 0.055436 0.055638 0.055651 0.05489  0.797917 0.05486  0.081114
 0.055418 0.055182 0.767212 0.081484 0.05468  0.055265 0.081046 0.769817
 0.055037 0.056149 0.055104 0.055006 0.775936 0.055664 0.05509  0.055425
 0.055172 0.796609 0.055408 0.055902 0.081638 0.081236 0.76598  0.055311
 0.082027 0.082496 0.055472 0.766224 0.080759 0.083024 0.056771 0.055992
 0.794882 0.081097 0.055269 0.081442 0.055245 0.770806 0.08063  0.055042
 0.055451 0.080818 0.768263 0.05522  0.055184 0.055292 0.054896 0.766551
 0.054987 0.081571 0.05548  0.055232 0.768516 0.054984 0.054986 0.055401
 0.079398 0.770017 0.081408 0.055277 0.056136 0.054718 0.769061 0.055687
 0.055888 0.055099 0.055029 0.771485 0.080947 0.055105 0.081503 0.055076
 0.767548 0.05547  0.054813 0.054751 0.055451 0.767631 0.056614 0.084254
 0.055918 0.057301 0.768337 0.055235 0.055048 0.056659 0.055682 0.797144
 0.055701 0.08179  0.055344 0.05538  0.766581 0.081537 0.055235 0.056026
 0.082504 0.766381 0.055642 0.054763 0.057013 0.056111 0.765611 0.055575
 0.055337 0.054934 0.080519 0.767333 0.05528  0.055571 0.081231 0.081794
 0.795933 0.081102 0.055257 0.056223 0.055697 0.794316 0.056522 0.055451
 0.055549 0.05518  0.797406 0.05523  0.082314 0.081692 0.055585 0.791502
 0.056172 0.080534 0.05611  0.055321 0.76373  0.081391 0.05509  0.055108
 0.055067 0.773667 0.082373 0.057914 0.055016 0.082764 0.76962  0.055613
 0.057148 0.055512 0.081323 0.765988 0.056124 0.054847 0.059015 0.057218
 0.769301 0.05532  0.055171 0.055148 0.055194 0.768029 0.05533  0.055107
 0.054937 0.055431 0.766477 0.055242 0.055378 0.055635 0.055401 0.767839
 0.055047 0.055057 0.05532  0.080123 0.765799 0.055887 0.056286 0.055527
 0.055826 0.76582  0.055245 0.055398 0.055318 0.054988 0.795272 0.080545
 0.057464 0.055497 0.0554   0.765682 0.055662 0.055141 0.055697 0.081774
 0.769629 0.055825 0.05522  0.055763 0.055174 0.765677 0.054921 0.05587
 0.055073 0.055613 0.769222 0.055731 0.055296 0.082092 0.05504  0.769595
 0.055212 0.055398 0.055276 0.054876 0.793581 0.055307 0.055626 0.055974
 0.055422 0.767351 0.055945 0.05527  0.055784 0.080358 0.766195 0.079789
 0.082417 0.055832 0.081734 0.763981 0.081869 0.055423 0.055419 0.055333
 0.766348 0.082117 0.056171 0.054596 0.081412 0.766475 0.055442 0.054913
 0.055177 0.055823 0.768761 0.080378 0.055805 0.062001 0.080963 0.796189
 0.055742 0.055306 0.054792 0.055232 0.768022 0.05521  0.086318 0.055654
 0.056415 0.768677 0.055731 0.055449 0.081225 0.055192 0.799323 0.05515
 0.082228 0.081275 0.055057 0.766262 0.055602 0.055133 0.055834 0.054908
 0.76497  0.081228 0.055145 0.055241 0.05642  0.766621 0.0811   0.055076
 0.055481 0.055423 0.765835 0.055092 0.055627 0.081511 0.081353 0.766863
 0.056026 0.055222 0.055557 0.055512 0.768322 0.055185 0.054899 0.05674
 0.081576 0.763934 0.055035 0.055639 0.055392 0.079731 0.7716   0.055031
 0.082481 0.05542  0.081253 0.768788 0.083943 0.056173 0.055078 0.055331
 0.762828 0.054877 0.054949 0.055053 0.054884 0.758301 0.05549  0.054595
 0.081478 0.055019 0.759777 0.055848 0.055276 0.055399 0.08058  0.787945
 0.055217 0.081535 0.055329 0.05598  0.759758 0.055128 0.05445  0.055155
 0.055745 0.762062 0.05492  0.054988 0.081673 0.055235 0.762116 0.055228
 0.054761 0.083738 0.054974 0.76348  0.055114 0.054981 0.055105 0.054982
 0.761806]
Avg 0.2032679839999997
std 0.28500324310564906
(3, 7) 3
Episode Complete!
True positive 504
True Negative 195
False Positive 16
False Negative 0
Time [0.055772 0.055379 0.056032 0.083633 0.772647 0.056352 0.056105 0.05647
 0.056272 0.771775 0.08196  0.056868 0.055631 0.055601 0.763421 0.081408
 0.055214 0.081047 0.055859 0.765171 0.055928 0.083347 0.056404 0.055569
 0.761355 0.081145 0.081213 0.081403 0.055513 0.765037 0.081725 0.055327
 0.055086 0.068904 0.791095 0.055295 0.055643 0.055263 0.055441 0.766253
 0.055242 0.055431 0.055756 0.055174 0.764844 0.055674 0.055612 0.056291
 0.056048 0.794858 0.055929 0.05578  0.055524 0.05566  0.790978 0.056101
 0.055993 0.055192 0.056822 0.799147 0.05524  0.056614 0.079262 0.055387
 0.764406 0.05793  0.055744 0.05525  0.08095  0.76595  0.055576 0.079898
 0.055748 0.081065 0.766313 0.055231 0.080306 0.055907 0.055314 0.765022
 0.05552  0.08029  0.080573 0.056419 0.766018 0.081099 0.055479 0.055175
 0.080194 0.763547 0.055805 0.056555 0.056053 0.055569 0.790544 0.055479
 0.080748 0.055421 0.056013 0.766894 0.080954 0.080806 0.080842 0.055169
 0.764647 0.055606 0.079922 0.055575 0.055828 0.76705  0.081184 0.055291
 0.055891 0.055996 0.768044 0.080658 0.082242 0.055341 0.079127 0.770319
 0.055514 0.056462 0.055425 0.082227 0.796058 0.055543 0.055038 0.055554
 0.055103 0.794831 0.05557  0.055396 0.05533  0.055026 0.794954 0.080583
 0.05497  0.055329 0.055592 0.769481 0.055741 0.05531  0.056059 0.078957
 0.792721 0.08163  0.056104 0.055817 0.080981 0.767985 0.055768 0.080164
 0.080468 0.055601 0.762663 0.055834 0.05526  0.055556 0.055158 0.761129
 0.055558 0.056467 0.055563 0.056376 0.760335 0.080834 0.081624 0.055595
 0.055813 0.768671 0.05563  0.079402 0.055443 0.082279 0.76893  0.056499
 0.079819 0.055273 0.056158 0.766979 0.081393 0.054925 0.07956  0.055065
 0.79944  0.055836 0.080852 0.055425 0.055618 0.793576 0.055773 0.055607
 0.055443 0.055544 0.765029 0.05625  0.055353 0.055477 0.079646 0.791424
 0.0552   0.055329 0.080675 0.081751 0.764807 0.082044 0.055983 0.056065
 0.079912 0.770869 0.056033 0.055862 0.055986 0.082181 0.764157 0.055432
 0.079584 0.058704 0.055197 0.765657 0.055787 0.081489 0.05522  0.056728
 0.797663 0.055789 0.055595 0.055921 0.055402 0.768514 0.081675 0.05547
 0.079814 0.05539  0.767455 0.055653 0.055188 0.055689 0.08098  0.767587
 0.055876 0.055708 0.055667 0.08003  0.765942 0.08215  0.055896 0.055054
 0.079992 0.769152 0.055474 0.055682 0.055877 0.055129 0.770259 0.055485
 0.081419 0.055495 0.055484 0.770263 0.05584  0.055679 0.056292 0.05551
 0.79852  0.055922 0.055815 0.060266 0.079892 0.765293 0.05558  0.055331
 0.055729 0.055389 0.801296 0.080709 0.056012 0.055467 0.080035 0.771557
 0.055614 0.081921 0.081582 0.056044 0.774628 0.05534  0.056573 0.055444
 0.055589 0.771469 0.080836 0.080932 0.080459 0.055783 0.773931 0.055559
 0.081129 0.081683 0.082172 0.797613 0.081649 0.081488 0.055583 0.080012
 0.791997 0.056379 0.055528 0.080071 0.056191 0.768956 0.055666 0.055572
 0.05612  0.083423 0.768403 0.056201 0.056845 0.082072 0.055899 0.772169
 0.05584  0.055568 0.055556 0.082726 0.772787 0.081592 0.080771 0.080385
 0.055545 0.774496 0.056119 0.055251 0.079783 0.055673 0.768868 0.08054
 0.056794 0.055234 0.055571 0.801537 0.056103 0.055057 0.056162 0.055966
 0.772288 0.055908 0.080772 0.056126 0.05564  0.771543 0.056447 0.055749
 0.056315 0.055837 0.770879 0.056178 0.079701 0.080964 0.05654  0.768287
 0.080755 0.055574 0.080258 0.05628  0.79761  0.056567 0.079851 0.055794
 0.080847 0.802923 0.08078  0.080631 0.081721 0.055099 0.769913 0.055586
 0.078689 0.055688 0.05587  0.770226 0.055465 0.079798 0.080449 0.055266
 0.794133 0.055698 0.056381 0.055616 0.05606  0.768592 0.055951 0.055375
 0.08175  0.055584 0.773341 0.056607 0.08052  0.055923 0.055363 0.77077
 0.081331 0.055565 0.055926 0.056785 0.774387 0.05566  0.05521  0.056274
 0.055114 0.771032 0.080416 0.080789 0.056086 0.055315 0.769113 0.055791
 0.056095 0.056521 0.056112 0.798147 0.056266 0.079645 0.056871 0.056311
 0.773913 0.081879 0.081083 0.08144  0.056    0.816805 0.081466 0.056072
 0.079765 0.055212 0.773305 0.055766 0.080023 0.055092 0.055592 0.775717
 0.056237 0.05553  0.05647  0.055715 0.798532 0.055625 0.055456 0.056006
 0.05581  0.77772  0.055578 0.080858 0.081376 0.055687 0.777005 0.081687
 0.056288 0.05555  0.079765 0.772162 0.055959 0.079542 0.055304 0.056579
 0.768882 0.056273 0.055244 0.055515 0.057051 0.767739 0.05559  0.080893
 0.056022 0.055391 0.769463 0.056282 0.079679 0.080716 0.056761 0.769364
 0.055775 0.080825 0.05539  0.082098 0.773668 0.055675 0.055963 0.080204
 0.056561 0.803752 0.056775 0.080133 0.055363 0.056256 0.76871  0.055966
 0.055851 0.055547 0.05613  0.77046  0.08106  0.055304 0.056424 0.079599
 0.773832 0.056755 0.056142 0.056294 0.055529 0.801048 0.0811   0.055677
 0.055647 0.08101  0.772612 0.055638 0.055717 0.055162 0.055448 0.766989
 0.105077 0.055411 0.055538 0.082571 0.796922 0.080769 0.079464 0.056315
 0.057507 0.769762 0.055342 0.056032 0.082816 0.05567  0.799382 0.054828
 0.055631 0.055596 0.055522 0.774804 0.055721 0.055729 0.056019 0.055502
 0.774463 0.056367 0.078809 0.081422 0.055491 0.798497 0.080284 0.080836
 0.055844 0.055168 0.768428 0.056782 0.055721 0.081777 0.05601  0.798706
 0.055753 0.05579  0.082534 0.055405 0.774648 0.055611 0.080128 0.0563
 0.056412 0.769874 0.057435 0.055657 0.056095 0.056233 0.770676 0.081368
 0.056063 0.056683 0.081223 0.768235 0.055343 0.0793   0.05568  0.055413
 0.771909 0.082261 0.081621 0.056087 0.055528 0.774313 0.056088 0.055504
 0.055392 0.056099 0.774051 0.081119 0.056185 0.055679 0.05657  0.773795
 0.055665 0.080203 0.056153 0.082175 0.771121 0.05569  0.055914 0.055939
 0.055409 0.802164 0.055817 0.05652  0.055811 0.055598 0.776345 0.056079
 0.079922 0.055984 0.080092 1.103506 0.103116 0.079645 0.0791   0.074357
 1.315952 0.095943 0.078367 0.078573 0.086751 1.054761 0.055604 0.055546
 0.079863 0.055459 0.797874 0.055416 0.056062 0.055871 0.081347 0.77237
 0.055672 0.055522 0.080034 0.081254 0.800188 0.056701 0.080885 0.055448
 0.055359 0.771037 0.055535 0.081293 0.055701 0.0574   0.787438 0.058205
 0.056373 0.082458 0.05517  0.773072 0.05555  0.055363 0.082259 0.080704
 0.808852 0.055949 0.05575  0.056163 0.05545  0.773682 0.056025 0.055951
 0.056018 0.055442 0.772977 0.081349 0.055778 0.055339 0.055605 0.804104
 0.055753 0.056014 0.082274 0.055244 0.771846 0.055913 0.055524 0.055208
 0.055591 0.76953  0.080348 0.056199 0.055616 0.079256 0.77082  0.055307
 0.08041  0.056088 0.056924 0.802883 0.055856 0.05614  0.05629  0.054781
 0.772809 0.055323 0.055241 0.055475 0.080204 0.773867 0.056007 0.055518
 0.055483 0.055591]
Avg 0.20681215826330523
std 0.28961482597177945
(5, 5) 3
Episode Complete!
True positive 496
True Negative 492
False Positive 13
False Negative 0
Time [0.056568 0.083168 0.084008 0.085473 0.807839 0.08238  0.056386 0.056265
 0.081106 0.76754  0.056848 0.081752 0.055679 0.08414  0.807026 0.056638
 0.081637 0.083735 0.082424 0.793402 0.083152 0.055327 0.055403 0.055256
 0.767673 0.055512 0.055677 0.080837 0.080842 0.767017 0.055804 0.056049
 0.055472 0.05525  0.763098 0.081845 0.056747 0.082128 0.055292 0.795482
 0.056205 0.08109  0.055732 0.056271 0.794225 0.08232  0.055406 0.084602
 0.055706 0.799381 0.055642 0.05531  0.081904 0.055246 0.76537  0.055004
 0.079464 0.055932 0.082876 0.804602 0.055442 0.055547 0.055553 0.055511
 0.768219 0.055475 0.055409 0.080337 0.081791 0.768262 0.082946 0.080675
 0.055713 0.07967  0.799817 0.081923 0.082518 0.055871 0.079658 0.796589
 0.055585 0.082189 0.055514 0.08109  0.766522 0.069767 0.079898 0.056634
 0.082582 0.764543 0.082507 0.055392 0.086074 0.055538 0.796263 0.080908
 0.082887 0.056781 0.055621 0.791469 0.055452 0.05514  0.056142 0.055612
 0.796502 0.056814 0.055159 0.055566 0.080127 0.768913 0.055941 0.081904
 0.055498 0.080505 0.805052 0.082079 0.081517 0.081601 0.055279 0.798992
 0.05606  0.07946  0.08258  0.055382 0.770118 0.055416 0.055602 0.055516
 0.055836 0.795388 0.055861 0.083369 0.055302 0.056434 0.79582  0.081269
 0.056565 0.056036 0.082131 0.763988 0.082373 0.056293 0.081758 0.055845
 0.765    0.055753 0.080535 0.056006 0.081699 0.798168 0.056316 0.081804
 0.081298 0.056142 0.768302 0.055758 0.055926 0.055657 0.079117 0.77341
 0.055264 0.081893 0.081775 0.081862 0.769072 0.080297 0.05618  0.081146
 0.080318 0.769074 0.055549 0.082753 0.055827 0.081992 0.795841 0.056712
 0.055596 0.082908 0.05572  0.76821  0.081039 0.081294 0.083009 0.082404
 0.794756 0.055708 0.082602 0.074822 0.081551 0.793217 0.058814 0.078883
 0.055295 0.081798 0.794496 0.081289 0.081216 0.081277 0.100147 0.765964
 0.055419 0.083646 0.055984 0.083805 0.79733  0.056288 0.056213 0.055201
 0.080881 0.798074 0.055707 0.081349 0.081957 0.082026 0.797902 0.083318
 0.055977 0.055021 0.080405 0.769798 0.055657 0.081524 0.056352 0.081788
 0.77093  0.082678 0.05554  0.055261 0.055243 0.796175 0.082292 0.084183
 0.057365 0.085029 0.798466 0.08162  0.08255  0.082728 0.08327  0.796082
 0.056456 0.079703 0.082354 0.082603 0.765381 0.081116 0.057845 0.055317
 0.081361 0.764553 0.056265 0.054849 0.08234  0.05589  0.799994 0.055692
 0.055335 0.080706 0.081368 0.806021 0.081521 0.055959 0.080204 0.082017
 0.767354 0.080054 0.055424 0.056269 0.081494 0.771137 0.055896 0.081053
 0.081668 0.081113 0.801257 0.08183  0.082271 0.055642 0.055795 0.797641
 0.08214  0.082298 0.055218 0.055431 0.770241 0.081351 0.056112 0.079688
 0.055616 0.794675 0.055106 0.056234 0.082827 0.056408 0.765743 0.081938
 0.082069 0.055637 0.055853 0.792856 0.07978  0.082043 0.099794 0.082678
 0.760338 0.082291 0.081925 0.081711 0.083458 0.798927 0.081918 0.081425
 0.081626 0.084502 0.765015 0.055613 0.055281 0.056011 0.056253 0.796792
 0.055271 0.081778 0.05557  0.05565  0.798628 0.055607 0.055441 0.082656
 0.056391 0.770749 0.055737 0.079173 0.055602 0.05533  0.798245 0.055579
 0.078499 0.05589  0.081947 0.797784 0.081949 0.055501 0.080022 0.055503
 0.796613 0.082071 0.082172 0.082214 0.056727 0.795811 0.081915 0.058854
 0.080612 0.055517 0.794273 0.082559 0.055163 0.055175 0.082427 0.795738
 0.081213 0.081958 0.100636 0.055057 0.764907 0.081258 0.055486 0.055708
 0.078936 0.791534 0.082439 0.082363 0.05589  0.055663 0.765407 0.080232
 0.08185  0.055515 0.082057 0.801039 0.055472 0.055437 0.08169  0.055367
 0.791775 0.057728 0.083974 0.055697 0.055365 0.761927 0.082464 0.083306
 0.081427 0.056796 0.762973 0.055174 0.055449 0.081868 0.082008 0.758896
 0.082572 0.056859 0.055345 0.055729 0.758737 0.055527 0.080945 0.081749
 0.082962 0.801219 0.082045 0.055164 0.055101 0.056182 0.768988 0.080195
 0.055455 0.055406 0.08197  0.795124 0.082247 0.056264 0.080591 0.08196
 0.780748 0.055135 0.07993  0.055947 0.082716 0.771635 0.055839 0.079477
 0.05558  0.081424 0.798007 0.055502 0.055478 0.079266 0.055389 0.765521
 0.083476 0.082051 0.055124 0.085144 0.799968 0.08285  0.083941 0.084922
 0.05689  0.777567 0.084568 0.082691 0.081597 0.056026 0.768141 0.055698
 0.0558   0.081905 0.05578  0.763512 0.055911 0.055548 0.055477 0.055251
 0.797795 0.081652 0.082401 0.055925 0.080718 0.797487 0.081121 0.082522
 0.055492 0.082121 0.798174 0.081565 0.082224 0.055893 0.055421 0.770226
 0.055508 0.080336 0.055119 0.055417 0.799797 0.056304 0.081336 0.055699
 0.05587  0.76923  0.056919 0.055539 0.059537 0.081762 0.798279 0.081397
 0.082883 0.081827 0.056532 0.799474 0.082059 0.081394 0.055612 0.055669
 0.79514  0.081133 0.057118 0.055715 0.081687 0.766786 0.056017 0.081219
 0.082383 0.083181 0.768471 0.05542  0.055622 0.055455 0.081336 0.797443
 0.081347 0.055592 0.079754 0.081219 0.798529 0.055327 0.056324 0.055464
 0.055401 0.795276 0.081699 0.080153 0.082578 0.082854 0.764733 0.055371
 0.079395 0.05549  0.055535 0.798673 0.081641 0.05612  0.079614 0.08199
 0.795524 0.056069 0.081237 0.055453 0.055375 0.790148 0.081633 0.055067
 0.081603 0.081792 0.804509 0.057328 0.055674 0.055963 0.082083 0.769021
 0.0557   0.079557 0.055921 0.056021 0.767566 0.056735 0.055422 0.055058
 0.081641 0.794527 0.055324 0.081996 0.05509  0.056056 0.770567 0.056066
 0.079877 0.05586  0.05507  0.769289 0.055505 0.07967  0.056217 0.055597
 0.767491 0.082164 0.081968 0.055316 0.055554 0.771683 0.055805 0.055599
 0.056108 0.055426 0.803632 0.082857 0.082768 0.055911 0.055635 0.765996
 0.055546 0.055272 0.056145 0.079641 0.772278 0.082057 0.055756 0.055748
 0.055571 0.768265 0.056106 0.055647 0.082039 0.083245 0.795331 0.081881
 0.05588  0.082489 0.083195 0.821987 0.055722 0.055726 0.056035 0.079878
 0.799298 0.082182 0.081392 0.055702 0.079723 0.799022 0.055526 0.055103
 0.056527 0.055092 0.769253 0.055572 0.079539 0.055465 0.056067 0.796027
 0.08135  0.055353 0.079693 0.055847 0.800507 0.0814   0.082494 0.05593
 0.055783 0.794099 0.082825 0.083258 0.081869 0.057011 0.767926 0.05561
 0.079685 0.055126 0.056452 0.791302 0.082074 0.055872 0.057263 0.083808
 0.805057 0.055253 0.055588 0.083257 0.05613  0.76748  0.080109 0.056524
 0.056223 0.081422 0.767405 0.056322 0.055881 0.055682 0.055445 0.76763
 0.080381 0.055812 0.056141 0.081992 0.796225 0.082072 0.081993 0.055635
 0.08189  0.763426 0.081864 0.055923 0.055077 0.055154 0.792889 0.0555
 0.055132 0.055721 0.081297 0.787655 0.055747 0.079823 0.055064 0.055313
 0.760702 0.055954 0.079005 0.08202  0.055921 0.793885 0.082072 0.055575
 0.081039 0.055532 0.772566 0.055627 0.080513 0.055689 0.05553  0.793664
 0.082277 0.055683 0.055266 0.082171 0.790296 0.056196 0.081758 0.055235
 0.081986 0.763792 0.055222 0.055244 0.081262 0.056261 0.795792 0.081719
 0.082076 0.082087 0.083901 0.795482 0.055593 0.055535 0.055157 0.081941
 0.796074 0.055919 0.055324 0.056086 0.07972  0.795438 0.082843 0.081897
 0.081536 0.083561 0.799534 0.081457 0.082652 0.055812 0.081468 0.770356
 0.055468 0.056652 0.081459 0.055865 0.767372 0.080703 0.055122 0.056626
 0.081934 0.759517 0.082646 0.082204 0.081633 0.082329 0.80197  0.081004
 0.055298 0.079307 0.056637 0.793274 0.079726 0.082616 0.056157 0.055482
 0.768872 0.082333 0.081567 0.082214 0.083978 0.799165 0.081752 0.082373
 0.082246 0.08351  0.766205 0.055578 0.054677 0.055041 0.05528  0.762495
 0.055542 0.08123  0.081641 0.081307 0.76188  0.055048 0.055518 0.081001
 0.055763 0.795554 0.055966 0.082641 0.056262 0.055081 0.796717 0.05583
 0.099848 0.055553 0.081429 0.796041 0.083598 0.055987 0.081699 0.08146
 0.771998 0.08173  0.055696 0.055966 0.079748 0.798631 0.056684 0.05824
 0.082168 0.055614 0.795781 0.081684 0.082067 0.056336 0.080674 0.76767
 0.055582 0.055267 0.082645 0.081041 0.768661 0.081999 0.055273 0.055126
 0.082032 0.765875 0.055819 0.079339 0.08305  0.082364 0.797313 0.081848
 0.055988 0.082479 0.082586 0.764999 0.055546 0.080477 0.056121 0.079239
 0.797938 0.082578 0.081856 0.05575  0.080156 0.765339 0.081487 0.055654
 0.054849 0.057227 0.794758 0.081094 0.055795 0.082072 0.05625  0.796906
 0.055613 0.080381 0.055441 0.055266 0.771818 0.055328 0.054897 0.079669
 0.080792 0.768175 0.05627  0.080769 0.05504  0.079691 0.789857 0.055451
 0.05517  0.055143 0.055717 0.762489 0.081718 0.055562 0.055591 0.055276
 0.761283 0.055486 0.055132 0.055854 0.079307 0.766016 0.080917 0.081829
 0.082011 0.055761 0.798871 0.057376 0.078479 0.081685 0.080303 0.769325
 0.080751 0.082327 0.082064 0.082292 0.770141 0.082192 0.05592  0.05606
 0.079715 0.795497 0.08248  0.08213  0.081981 0.055793 0.803264 0.055256
 0.081981 0.055607 0.055787 0.770558 0.056061 0.05558  0.079151 0.081189
 0.771518 0.081443 0.056184 0.055398 0.055373 0.770234 0.055684 0.055263
 0.082128 0.081968 0.769744 0.056317 0.055597 0.055198 0.080761 0.764151
 0.056145 0.07892  0.08235  0.056065 0.767351 0.055846 0.081103 0.082275
 0.055681 0.792029 0.05571  0.055602 0.083202 0.055534 0.768745 0.056073
 0.081978 0.055589 0.055838 0.767307 0.080498 0.081708 0.056065 0.082225
 0.769268 0.081386 0.056023 0.079727 0.082494 0.796898 0.083168 0.055782
 0.055491 0.081908 0.769121 0.083031 0.056151 0.083154 0.084556 0.774691]
Avg 0.21138697100000012
std 0.28606246318056505
